4,18,139,139,405
4,18,139,139,405
4,18,139,139,405
4,18,1290,1290,3504
4,18,1290,1290,3504
4,18,1290,1290,3504
4,18,1290,1290,3504
4,18,1290,1290,3504
6,18,1290,1290,3504
6,19,1290,1290,3504
6,19,1290,1290,3504
6,19,1290,1290,3504
6,20,1582,1582,3504
6,20,1582,1582,3504
6,20,1582,1582,3504
6,21,1582,1582,3504
17,21,1582,1582,3504
17,21,1582,1582,3504
17,22,1582,1582,3504
17,22,1582,1582,3504
17,22,1582,1582,3504
23,23,1582,1582,3504
23,23,1582,1582,3504
23,24,1582,1582,3504
23,24,1582,1582,3504
23,24,1582,1582,3504
23,25,1582,1582,3504
23,25,1582,1582,3504
23,25,1746,1746,3504
23,26,1746,1746,3504
24,26,1746,1746,3504
24,26,1746,1746,3504
24,27,1746,1746,3504
24,27,1746,1746,3504
24,27,1746,1746,3504
27,28,1746,1746,3504
27,28,1746,1746,3504
27,28,1746,1746,3504
27,29,1746,1746,3504
27,29,1746,1746,3504
27,30,1746,1746,3504
27,30,1746,1746,3504
28,30,1746,1746,3504
28,31,1784,1784,3504
28,31,1784,1784,3504
28,32,1784,1784,3504
28,32,1784,1784,3504
31,32,1784,1784,3504
31,33,1784,1784,3504
31,33,1784,1784,3504
31,33,1784,1784,3504
31,34,1784,1784,3504
31,34,1784,1784,3504
31,34,1784,1784,3504
31,35,1784,1784,3504
31,35,1784,1784,3504
31,35,1784,1771,3504
31,35,1771,1771,3504
31,35,1771,1771,3504
31,36,1771,1771,3504
32,36,1771,1771,3504
32,36,1771,1771,3504
32,37,1771,1771,3504
32,37,1771,1771,3504
32,37,1771,1771,3504
32,37,1771,1771,3504
32,37,1771,1771,3504
32,38,1771,1771,3504
32,38,1771,1771,3504
32,38,1771,1771,3504
32,39,1771,1771,3504
32,39,1771,1771,3504
32,39,1771,1771,3504
32,39,1771,1771,3504
32,39,1771,1771,3504
32,40,1771,1771,3504
32,40,1771,1771,3504
32,40,1771,1771,3504
32,40,1771,1771,3504
32,40,1771,1771,3504
32,40,1771,1771,3504
32,41,1771,1771,3504
32,41,1771,1771,3504
32,41,1771,1771,3504
32,41,1771,1771,3504
32,41,1771,1771,3504
32,42,1771,1771,3504
32,42,1771,1771,3504
32,42,1771,1771,3504
32,43,1771,1771,3504
32,43,1771,1771,3504
32,43,1771,1771,3504
32,43,1771,1771,3504
32,43,1771,1771,3504
32,44,1771,1771,3504
32,44,1771,1771,3504
32,44,1771,1771,3504
32,44,1771,1771,3504
33,44,1771,1771,3504
33,45,1771,1771,3504
33,45,1771,1771,3504
33,45,1771,1771,3504
33,45,1771,1771,3504
33,45,1771,1771,3504
33,45,1771,1771,3504
33,45,1771,1771,3504
33,45,1771,1771,3504
33,46,1771,1771,3504
33,46,1771,1771,3504
33,46,1771,1771,3504
33,46,1771,1771,3504
33,46,1771,1771,3504
33,46,1771,1771,3504
33,47,1771,1771,3504
33,47,1771,1771,3504
33,47,1771,1771,3504
33,47,1771,1771,3504
33,47,1771,1771,3504
33,47,1771,1771,3504
33,48,1771,1771,3504
33,48,1771,1771,3504
33,48,1771,1771,3504
33,48,1771,1771,3504
33,48,1771,1771,3504
33,48,1771,1771,3504
33,49,1771,1771,3504
33,49,1771,1771,3504
33,49,1771,1771,3504
33,49,1771,1771,3504
33,49,1771,1759,3504
33,49,1759,1759,3504
33,49,1759,1759,3504
33,49,1759,1759,3504
33,50,1759,1759,3504
33,50,1759,1759,3504
33,50,1759,1759,3504
33,50,1759,1759,3504
33,50,1759,1759,3504
33,50,1759,1759,3504
33,50,1759,1759,3504
33,51,1759,1759,3504
33,51,1759,1759,3504
33,51,1759,1759,3504
33,51,1759,1759,3504
33,51,1759,1759,3504
33,51,1759,1759,3504
33,51,1759,1759,3504
33,51,1759,1759,3504
33,51,1759,1759,3504
33,51,1759,1759,3504
33,52,1759,1759,3504
33,52,1759,1759,3504
33,52,1759,1759,3504
33,52,1759,1759,3504
33,52,1759,1759,3504
33,52,1759,1759,3504
33,52,1759,1759,3504
33,52,1759,1759,3504
33,52,1759,1759,3504
33,53,1759,1759,3504
33,53,1759,1759,3504
33,53,1759,1759,3504
33,53,1759,1759,3504
33,53,1759,1759,3504
33,53,1759,1759,3504
33,53,1759,1759,3504
33,53,1759,1759,3504
33,53,1759,1759,3504
33,53,1759,1759,3504
33,54,1759,1759,3504
33,54,1759,1759,3504
33,54,1759,1759,3504
33,54,1759,1759,3504
33,54,1759,1759,3504
33,54,1759,1759,3504
33,54,1759,1759,3504
33,54,1759,1759,3504
33,54,1759,1759,3504
33,54,1759,1759,3504
33,55,1759,1759,3504
33,55,1759,1759,3504
33,55,1759,1759,3504
33,55,1759,1759,3504
33,55,1759,1759,3504
33,55,1759,1759,3504
33,55,1759,1759,3504
34,55,1759,1759,3504
34,55,1759,1759,3504
34,55,1759,1759,3504
34,55,1759,1759,3504
34,55,1759,1759,3504
34,55,1759,1759,3504
34,55,1759,1759,3504
34,56,1759,1759,3504
34,56,1759,1746,3504
34,56,1746,1746,3504
34,56,1746,1746,3504
34,56,1746,1746,3504
34,56,1746,1746,3504
34,56,1746,1746,3504
34,56,1746,1746,3504
34,56,1746,1746,3504
34,56,1746,1746,3504
34,56,1746,1746,3504
34,56,1746,1746,3504
34,57,1746,1746,3504
34,57,1746,1746,3504
34,57,1746,1746,3504
34,57,1746,1746,3504
34,57,1746,1746,3504
34,57,1746,1746,3504
34,57,1746,1746,3504
34,57,1746,1746,3504
34,57,1746,1746,3504
34,57,1746,1746,3504
34,57,1746,1746,3504
34,57,1746,1746,3504
34,57,1746,1746,3504
34,58,1746,1746,3504
34,58,1746,1746,3504
34,58,1746,1746,3504
34,58,1746,1746,3504
34,58,1746,1746,3504
34,58,1746,1746,3504
34,58,1746,1746,3504
34,58,1746,1746,3504
34,58,1746,1746,3504
34,58,1746,1746,3504
34,58,1746,1746,3504
34,58,1746,1746,3504
34,58,1746,1746,3504
34,59,1746,1746,3504
33,59,1746,1746,3504
33,59,1746,1746,3504
33,59,1746,1746,3504
33,59,1746,1746,3504
33,59,1746,1746,3504
33,59,1746,1746,3504
33,59,1746,1746,3504
33,59,1746,1746,3504
34,59,1746,1746,3504
34,59,1746,1746,3504
34,59,1746,1746,3504
34,59,1746,1746,3504
34,60,1746,1746,3504
34,60,1746,1746,3504
34,60,1746,1746,3504
34,60,1746,1746,3504
34,60,1746,1746,3504
34,60,1746,1746,3504
34,60,1746,1746,3504
34,60,1746,1746,3504
34,60,1746,1746,3504
34,60,1746,1746,3504
34,60,1746,1746,3504
34,60,1746,1746,3504
34,60,1746,1746,3504
34,60,1746,1746,3504
34,60,1746,1746,3504
34,60,1746,1746,3504
34,60,1746,1746,3504
34,61,1746,1746,3504
34,61,1746,1746,3504
34,61,1746,1746,3504
34,61,1746,1746,3504
34,61,1746,1746,3504
34,61,1746,1746,3504
34,61,1746,1746,3504
34,61,1746,1746,3504
34,61,1746,1746,3504
34,61,1746,1746,3504
34,61,1746,1746,3504
34,61,1746,1746,3504
34,61,1746,1746,3504
34,61,1746,1746,3504
34,61,1746,1746,3504
34,61,1746,1746,3504
34,62,1746,1746,3504
34,62,1746,1746,3504
34,62,1746,1746,3504
34,62,1746,1746,3504
34,62,1746,1733,3504
34,62,1733,1733,3504
34,62,1733,1733,3504
34,62,1733,1733,3504
34,62,1733,1733,3504
34,62,1733,1733,3504
34,62,1733,1733,3504
34,62,1733,1733,3504
34,62,1733,1733,3504
34,62,1733,1733,3504
34,62,1733,1733,3504
34,62,1733,1733,3504
34,62,1733,1733,3504
34,62,1733,1733,3504
34,62,1733,1733,3504
34,62,1733,1733,3504
34,63,1733,1733,3504
34,63,1733,1733,3504
34,63,1733,1733,3504
34,63,1733,1733,3504
34,63,1733,1733,3504
34,63,1733,1733,3504
34,63,1733,1733,3504
34,63,1733,1733,3504
34,63,1733,1733,3504
34,63,1733,1733,3504
34,63,1733,1733,3504
34,63,1733,1733,3504
34,63,1733,1733,3504
34,63,1733,1733,3504
34,63,1733,1733,3504
34,64,1733,1733,3504
34,64,1733,1733,3504
34,64,1733,1733,3504
34,64,1733,1733,3504
34,64,1733,1733,3504
34,64,1733,1733,3504
34,64,1733,1733,3504
34,64,1733,1733,3504
34,64,1733,1733,3504
34,64,1733,1733,3504
34,64,1733,1733,3504
34,64,1733,1733,3504
34,64,1733,1733,3504
34,64,1733,1733,3504
34,64,1733,1733,3504
34,64,1733,1733,3504
34,64,1733,1733,3504
34,64,1733,1733,3504
34,64,1733,1733,3504
34,64,1733,1733,3504
34,65,1733,1733,3504
34,65,1733,1733,3504
34,65,1733,1733,3504
34,65,1733,1733,3504
34,65,1733,1733,3504
34,65,1733,1733,3504
34,65,1733,1733,3504
34,65,1733,1733,3504
34,65,1733,1733,3504
34,65,1733,1733,3504
34,65,1733,1733,3504
34,65,1733,1733,3504
34,65,1733,1733,3504
34,65,1733,1733,3504
34,65,1733,1733,3504
34,65,1733,1733,3504
34,65,1733,1733,3504
34,65,1733,1733,3504
34,65,1733,1733,3504
34,66,1733,1733,3504
34,66,1733,1733,3504
34,66,1733,1733,3504
34,66,1733,1733,3504
34,66,1733,1733,3504
34,66,1733,1733,3504
34,66,1733,1733,3504
34,66,1733,1733,3504
34,66,1733,1733,3504
34,66,1733,1733,3504
34,66,1733,1733,3504
34,66,1733,1733,3504
34,66,1733,1733,3504
34,66,1733,1733,3504
34,66,1733,1733,3504
34,66,1733,1733,3504
34,66,1733,1733,3504
34,66,1733,1733,3504
34,66,1733,1733,3504
34,67,1733,1733,3504
34,67,1733,1733,3504
34,67,1733,1733,3504
34,67,1733,1733,3504
34,67,1733,1733,3504
34,67,1733,1733,3504
34,67,1733,1733,3504
34,67,1733,1733,3504
34,67,1733,1733,3504
34,67,1733,1733,3504
34,67,1733,1733,3504
34,67,1733,1733,3504
34,67,1733,1733,3504
34,67,1733,1733,3504
34,67,1733,1733,3504
34,67,1733,1733,3504
34,67,1733,1733,3504
34,67,1733,1733,3504
34,67,1733,1733,3504
34,67,1733,1733,3504
34,68,1733,1733,3504
34,68,1733,1733,3504
34,68,1733,1733,3504
34,68,1733,1733,3504
34,68,1733,1721,3504
34,68,1721,1721,3504
34,68,1721,1721,3504
34,68,1721,1721,3504
34,68,1721,1721,3504
34,68,1721,1721,3504
34,68,1721,1721,3504
34,68,1721,1721,3504
34,68,1721,1721,3504
34,68,1721,1721,3504
34,68,1721,1721,3504
34,68,1721,1721,3504
34,68,1721,1721,3504
34,68,1721,1721,3504
34,68,1721,1721,3504
34,68,1721,1721,3504
34,68,1721,1721,3504
34,68,1721,1721,3504
34,69,1721,1721,3504
34,69,1721,1721,3504
34,69,1721,1721,3504
34,69,1721,1721,3504
34,69,1721,1721,3504
34,69,1721,1721,3504
34,69,1721,1721,3504
34,69,1721,1721,3504
34,69,1721,1721,3504
34,69,1721,1721,3504
34,69,1721,1721,3504
34,69,1721,1721,3504
34,69,1721,1721,3504
34,69,1721,1721,3504
34,69,1721,1721,3504
34,69,1721,1721,3504
34,69,1721,1721,3504
34,69,1721,1721,3504
34,69,1721,1721,3504
34,69,1721,1721,3504
34,69,1721,1721,3504
34,69,1721,1721,3504
34,70,1721,1721,3504
34,70,1721,1721,3504
34,70,1721,1721,3504
35,70,1721,1721,3504
35,70,1721,1721,3504
35,70,1721,1721,3504
35,70,1721,1721,3504
35,70,1721,1721,3504
35,70,1721,1721,3504
35,70,1721,1721,3504
35,70,1721,1721,3504
35,70,1721,1721,3504
35,70,1721,1721,3504
35,70,1721,1721,3504
35,70,1721,1721,3504
35,70,1721,1721,3504
35,70,1721,1721,3504
35,70,1721,1721,3504
35,70,1721,1721,3504
35,70,1721,1721,3504
35,70,1721,1721,3504
35,70,1721,1721,3504
35,71,1721,1721,3504
35,71,1721,1721,3504
35,71,1721,1721,3504
35,71,1721,1721,3504
35,71,1721,1721,3504
35,71,1721,1721,3504
35,71,1721,1721,3504
34,71,1721,1721,3504
34,71,1721,1721,3504
34,71,1721,1721,3504
34,71,1721,1721,3504
34,71,1721,1721,3504
34,71,1721,1721,3504
34,71,1721,1721,3504
34,71,1721,1721,3504
34,71,1721,1721,3504
34,71,1721,1721,3504
34,71,1721,1721,3504
34,71,1721,1721,3504
34,71,1721,1721,3504
35,71,1721,1721,3504
35,71,1721,1721,3504
35,72,1721,1721,3504
35,72,1721,1721,3504
35,72,1721,1721,3504
35,72,1721,1721,3504
35,72,1721,1721,3504
35,72,1721,1721,3504
35,72,1721,1721,3504
35,72,1721,1721,3504
35,72,1721,1721,3504
35,72,1721,1721,3504
35,72,1721,1721,3504
35,72,1721,1721,3504
35,72,1721,1721,3504
35,72,1721,1721,3504
35,72,1721,1721,3504
35,72,1721,1721,3504
35,72,1721,1721,3504
35,72,1721,1721,3504
35,72,1721,1721,3504
35,72,1721,1721,3504
35,72,1721,1721,3504
35,72,1721,1721,3504
35,72,1721,1721,3504
35,72,1721,1721,3504
35,73,1721,1721,3504
35,73,1721,1721,3504
35,73,1721,1721,3504
35,73,1721,1721,3504
35,73,1721,1721,3504
35,73,1721,1721,3504
35,73,1721,1721,3504
35,73,1721,1721,3504
35,73,1721,1721,3504
35,73,1721,1721,3504
35,73,1721,1721,3504
35,73,1721,1721,3504
35,73,1721,1721,3504
35,73,1721,1721,3504
35,73,1721,1721,3504
35,73,1721,1721,3504
35,73,1721,1721,3504
35,73,1721,1721,3504
35,73,1721,1721,3504
35,73,1721,1721,3504
35,73,1721,1708,3504
35,73,1708,1708,3504
35,73,1708,1708,3504
35,73,1708,1708,3504
35,73,1708,1708,3504
35,73,1708,1708,3504
35,73,1708,1708,3504
35,73,1708,1708,3504
35,73,1708,1708,3504
35,73,1708,1708,3504
35,73,1708,1708,3504
35,73,1708,1708,3504
35,73,1708,1708,3504
35,73,1708,1708,3504
35,73,1708,1708,3504
35,73,1708,1708,3504
35,73,1708,1708,3504
34,74,1708,1708,3504
34,74,1708,1708,3504
34,74,1708,1708,3504
34,74,1708,1708,3504
34,74,1708,1708,3504
34,74,1708,1708,3504
34,74,1708,1708,3504
34,74,1708,1708,3504
34,74,1708,1708,3504
34,74,1708,1708,3504
34,74,1708,1708,3504
34,74,1708,1708,3504
34,74,1708,1708,3504
34,74,1708,1708,3504
34,74,1708,1708,3504
34,74,1708,1708,3504
34,74,1708,1708,3504
34,74,1708,1708,3504
34,74,1708,1708,3504
34,74,1708,1708,3504
34,74,1708,1708,3504
34,74,1708,1708,3504
34,74,1708,1708,3504
34,74,1708,1708,3504
34,74,1708,1708,3504
34,74,1708,1708,3504
34,74,1708,1708,3504
34,74,1708,1708,3504
34,74,1708,1708,3504
34,74,1708,1708,3504
34,75,1708,1708,3504
34,75,1708,1708,3504
34,75,1708,1708,3504
34,75,1708,1708,3504
34,75,1708,1708,3504
34,75,1708,1708,3504
34,75,1708,1708,3504
34,75,1708,1708,3504
34,75,1708,1708,3504
34,75,1708,1708,3504
34,75,1708,1708,3504
34,75,1708,1708,3504
34,75,1708,1708,3504
34,75,1708,1708,3504
34,75,1708,1708,3504
34,75,1708,1708,3504
34,75,1708,1708,3504
34,75,1708,1708,3504
34,75,1708,1708,3504
34,75,1708,1708,3504
34,75,1708,1708,3504
34,75,1708,1708,3504
34,75,1708,1708,3504
34,75,1708,1708,3504
34,75,1708,1708,3504
34,75,1708,1708,3504
34,75,1708,1708,3504
34,75,1708,1708,3504
34,75,1708,1708,3504
34,75,1708,1708,3504
34,75,1708,1708,3504
34,75,1708,1708,3504
34,75,1708,1708,3504
34,75,1708,1708,3504
34,75,1708,1708,3504
34,76,1708,1708,3504
34,76,1708,1708,3504
34,76,1708,1708,3504
34,76,1708,1708,3504
34,76,1708,1708,3504
34,76,1708,1708,3504
34,76,1708,1708,3504
34,76,1708,1708,3504
34,76,1708,1708,3504
34,76,1708,1708,3504
34,76,1708,1708,3504
34,76,1708,1708,3504
34,76,1708,1708,3504
34,76,1708,1708,3504
34,76,1708,1708,3504
34,76,1708,1708,3504
34,76,1708,1708,3504
34,76,1708,1708,3504
34,76,1708,1708,3504
34,76,1708,1708,3504
34,76,1708,1708,3504
34,76,1708,1708,3504
34,76,1708,1708,3504
34,76,1708,1708,3504
34,76,1708,1708,3504
35,76,1708,1708,3504
35,76,1708,1708,3504
35,76,1708,1708,3504
35,76,1708,1708,3504
35,76,1708,1708,3504
35,76,1708,1708,3504
35,76,1708,1708,3504
35,76,1708,1708,3504
35,76,1708,1708,3504
35,76,1708,1708,3504
35,76,1708,1708,3504
35,77,1708,1708,3504
35,77,1708,1708,3504
35,77,1708,1708,3504
35,77,1708,1708,3504
35,77,1708,1708,3504
35,77,1708,1708,3504
35,77,1708,1708,3504
35,77,1708,1708,3504
35,77,1708,1708,3504
35,77,1708,1708,3504
35,77,1708,1708,3504
35,77,1708,1708,3504
35,77,1708,1708,3504
35,77,1708,1708,3504
35,77,1708,1708,3504
35,77,1708,1708,3504
35,77,1708,1708,3504
35,77,1708,1708,3504
35,77,1708,1708,3504
35,77,1708,1708,3504
35,77,1708,1708,3504
35,77,1708,1708,3504
35,77,1708,1708,3504
35,77,1708,1708,3504
35,77,1708,1708,3504
35,77,1708,1708,3504
35,77,1708,1708,3504
35,77,1708,1708,3504
35,77,1708,1708,3504
35,77,1708,1708,3504
35,78,1708,1708,3504
35,78,1708,1708,3504
35,78,1708,1708,3504
35,78,1708,1708,3504
35,78,1708,1708,3504
35,78,1708,1708,3504
35,78,1708,1708,3504
35,78,1708,1708,3504
35,78,1708,1708,3504
35,78,1708,1708,3504
35,78,1708,1708,3504
35,78,1708,1708,3504
35,78,1708,1708,3504
35,78,1708,1708,3504
35,78,1708,1708,3504
35,78,1708,1708,3504
35,78,1708,1708,3504
35,78,1708,1708,3504
35,78,1708,1708,3504
35,78,1708,1708,3504
35,78,1708,1708,3504
35,78,1708,1708,3504
35,78,1708,1708,3504
35,78,1708,1708,3504
35,78,1708,1708,3504
35,78,1708,1708,3504
35,78,1708,1708,3504
35,78,1708,1708,3504
35,78,1708,1708,3504
35,78,1708,1708,3504
35,78,1708,1708,3504
35,78,1708,1708,3504
35,79,1708,1695,3504
35,79,1695,1695,3504
35,79,1695,1695,3504
35,79,1695,1695,3504
35,79,1695,1695,3504
35,79,1695,1695,3504
35,79,1695,1695,3504
35,79,1695,1695,3504
35,79,1695,1695,3504
35,79,1695,1695,3504
35,79,1695,1695,3504
35,79,1695,1695,3504
35,79,1695,1695,3504
35,79,1695,1695,3504
35,79,1695,1695,3504
35,79,1695,1695,3504
35,79,1695,1695,3504
35,79,1695,1695,3504
35,79,1695,1695,3504
35,79,1695,1695,3504
35,79,1695,1695,3504
35,79,1695,1695,3504
35,79,1695,1695,3504
35,79,1695,1695,3504
35,79,1695,1695,3504
35,79,1695,1695,3504
35,79,1695,1695,3504
35,79,1695,1695,3504
35,79,1695,1695,3504
35,79,1695,1695,3504
35,79,1695,1695,3504
35,79,1695,1695,3504
35,80,1695,1695,3504
35,80,1695,1695,3504
35,80,1695,1695,3504
35,80,1695,1695,3504
35,80,1695,1695,3504
35,80,1695,1695,3504
35,80,1695,1695,3504
35,80,1695,1695,3504
35,80,1695,1695,3504
35,80,1695,1695,3504
35,80,1695,1695,3504
35,80,1695,1695,3504
35,80,1695,1695,3504
35,80,1695,1695,3504
35,80,1695,1695,3504
35,80,1695,1695,3504
35,80,1695,1695,3504
35,80,1695,1695,3504
35,80,1695,1695,3504
35,80,1695,1695,3504
35,80,1695,1695,3504
35,80,1695,1695,3504
35,80,1695,1695,3504
35,80,1695,1695,3504
35,80,1695,1695,3504
35,80,1695,1695,3504
35,80,1695,1695,3504
35,80,1695,1695,3504
35,80,1695,1695,3504
35,80,1695,1695,3504
35,80,1695,1695,3504
35,80,1695,1695,3504
35,80,1695,1695,3504
35,80,1695,1695,3504
35,80,1695,1695,3504
35,80,1695,1695,3504
35,80,1695,1695,3504
35,80,1695,1695,3504
35,80,1695,1695,3504
35,80,1695,1695,3504
35,80,1695,1695,3504
35,80,1695,1695,3504
35,80,1695,1695,3504
35,80,1695,1695,3504
35,80,1695,1695,3504
35,80,1695,1695,3504
35,80,1695,1695,3504
35,81,1695,1695,3504
35,81,1695,1695,3504
35,81,1695,1695,3504
35,81,1695,1695,3504
35,81,1695,1695,3504
35,81,1695,1695,3504
35,81,1695,1695,3504
35,81,1695,1695,3504
35,81,1695,1695,3504
35,81,1695,1695,3504
35,81,1695,1695,3504
35,81,1695,1695,3504
35,81,1695,1695,3504
35,81,1695,1695,3504
35,81,1695,1695,3504
35,81,1695,1695,3504
35,81,1695,1695,3504
35,81,1695,1695,3504
35,81,1695,1695,3504
35,81,1695,1695,3504
35,81,1695,1695,3504
35,81,1695,1695,3504
35,81,1695,1695,3504
35,81,1695,1695,3504
35,81,1695,1695,3504
35,81,1695,1695,3504
35,81,1695,1695,3504
35,81,1695,1695,3504
35,81,1695,1695,3504
35,81,1695,1695,3504
35,81,1695,1695,3504
35,81,1695,1695,3504
35,81,1695,1695,3504
35,81,1695,1695,3504
35,81,1695,1695,3504
35,81,1695,1695,3504
35,81,1695,1695,3504
35,81,1695,1695,3504
35,81,1695,1695,3504
35,81,1695,1695,3504
35,81,1695,1695,3504
35,81,1695,1695,3504
35,81,1695,1695,3504
35,82,1695,1695,3504
35,82,1695,1695,3504
35,82,1695,1695,3504
35,82,1695,1695,3504
35,82,1695,1695,3504
35,82,1695,1695,3504
35,82,1695,1695,3504
35,82,1695,1695,3504
35,82,1695,1695,3504
35,82,1695,1695,3504
35,82,1695,1695,3504
35,82,1695,1695,3504
35,82,1695,1695,3504
35,82,1695,1695,3504
35,82,1695,1695,3504
35,82,1695,1695,3504
35,82,1695,1695,3504
35,82,1695,1695,3504
35,82,1695,1695,3504
35,82,1695,1695,3504
35,82,1695,1695,3504
35,82,1695,1695,3504
35,82,1695,1695,3504
35,82,1695,1695,3504
35,82,1695,1695,3504
35,82,1695,1695,3504
35,82,1695,1695,3504
35,82,1695,1695,3504
35,82,1695,1695,3504
35,82,1695,1695,3504
35,82,1695,1695,3504
35,82,1695,1695,3504
35,82,1695,1695,3504
35,82,1695,1695,3504
35,82,1695,1695,3504
35,82,1695,1695,3504
35,82,1695,1695,3504
35,82,1695,1695,3504
35,82,1695,1695,3504
35,82,1695,1695,3504
35,82,1695,1695,3504
35,82,1695,1695,3504
35,82,1695,1695,3504
35,83,1695,1695,3504
35,83,1695,1695,3504
35,83,1695,1695,3504
35,83,1695,1695,3504
35,83,1695,1695,3504
35,83,1695,1695,3504
35,83,1695,1695,3504
35,83,1695,1695,3504
35,83,1695,1695,3504
35,83,1695,1695,3504
35,83,1695,1695,3504
35,83,1695,1695,3504
35,83,1695,1695,3504
35,83,1695,1695,3504
35,83,1695,1695,3504
35,83,1695,1695,3504
35,83,1695,1695,3504
35,83,1695,1695,3504
35,83,1695,1695,3504
35,83,1695,1695,3504
35,83,1695,1695,3504
35,83,1695,1695,3504
36,83,1620,1620,3504
36,83,1620,1620,3504
36,83,1594,1594,3504
36,83,1594,1594,3504
36,83,1594,1594,3504
36,82,1594,1594,3504
36,82,1594,1594,3504
36,82,1594,1594,3504
36,82,1594,1594,3504
36,82,1594,1594,3504
33,82,1594,1594,3504
33,82,1594,1594,3504
33,82,1594,1594,3504
33,82,1594,1594,3504
33,82,1594,1594,3504
32,81,1607,1607,3504
32,81,1607,1607,3504
32,81,1607,1607,3504
32,81,1607,1607,3504
32,81,1607,1607,3504
32,81,1607,1607,3504
32,81,1607,1607,3504
32,81,1607,1607,3504
32,81,1607,1607,3504
32,81,1607,1607,3504
32,81,1607,1607,3504
31,81,1607,1607,3504
31,81,1607,1607,3504
31,81,1607,1607,3504
31,81,1607,1607,3504
31,81,1607,1607,3504
31,81,1607,1607,3504
31,81,1607,1607,3504
31,81,1607,1607,3504
31,81,1695,1695,3504
31,81,1695,1695,3504
31,81,1695,1695,3504
31,81,1695,1695,3504
31,81,1695,1695,3504
31,81,1695,1695,3504
31,81,1695,1695,3504
31,81,1695,1695,3504
32,81,1695,1695,3504
32,81,1695,1695,3504
32,81,1695,1695,3504
32,82,1695,1695,3504
33,82,1695,1695,3504
33,82,1695,1695,3504
33,82,1695,1695,3504
33,82,1695,1695,3504
33,82,1695,1695,3504
33,82,1695,1695,3504
33,82,1695,1695,3504
33,82,1695,1695,3504
33,82,1695,1695,3504
33,82,1695,1695,3504
33,82,1695,1695,3504
35,82,1695,1695,3504
35,82,1695,1695,3504
35,82,1695,1695,3504
35,82,1695,1695,3504
35,83,1695,1695,3504
35,83,1695,1695,3504
35,83,1695,1695,3504
35,83,1695,1695,3504
35,83,1695,1695,3504
35,83,1620,1620,3504
35,83,1620,1620,3504
35,83,1594,1594,3504
35,83,1594,1594,3504
35,83,1594,1594,3504
35,82,1594,1594,3504
35,82,1594,1594,3504
34,82,1594,1594,3504
34,82,1594,1594,3504
34,82,1594,1594,3504
34,82,1594,1594,3504
33,82,1594,1594,3504
33,82,1594,1594,3504
33,82,1594,1594,3504
33,82,1594,1594,3504
33,81,1594,1594,3504
33,81,1594,1594,3504
33,81,1594,1594,3504
33,81,1594,1594,3504
33,81,1594,1594,3504
33,81,1594,1594,3504
33,81,1594,1594,3504
31,81,1594,1594,3504
31,81,1645,1645,3504
31,81,1645,1645,3504
31,81,1645,1645,3504
31,81,1645,1645,3504
31,81,1645,1645,3504
31,81,1645,1645,3504
31,81,1645,1645,3504
31,81,1645,1645,3504
31,81,1645,1645,3504
31,81,1645,1645,3504
31,81,1645,1645,3504
31,81,1645,1645,3504
31,81,1645,1645,3504
31,81,1645,1645,3504
31,81,1645,1645,3504
32,81,1645,1645,3504
32,81,1645,1645,3504
32,81,1645,1645,3504
32,81,1645,1645,3504
32,81,1683,1683,3504
32,81,1683,1683,3504
32,82,1683,1683,3504
32,82,1683,1683,3504
32,82,1683,1683,3504
32,82,1683,1683,3504
32,82,1683,1683,3504
32,82,1683,1683,3504
32,82,1683,1683,3504
32,82,1683,1683,3504
34,82,1683,1683,3504
34,82,1683,1683,3504
34,82,1683,1683,3504
34,82,1683,1683,3504
34,82,1683,1683,3504
34,82,1683,1683,3504
34,82,1695,1695,3504
34,82,1695,1695,3504
34,82,1695,1695,3504
34,82,1695,1695,3504
34,82,1695,1695,3504
34,82,1695,1695,3504
34,83,1695,1695,3504
34,83,1695,1695,3504
35,83,1695,1695,3504
35,83,1695,1695,3504
35,83,1695,1695,3504
35,83,1695,1695,3504
35,83,1695,1695,3504
35,83,1695,1695,3504
35,83,1695,1695,3504
35,83,1695,1695,3504
35,83,1695,1695,3504
35,83,1695,1695,3504
35,83,1695,1695,3504
35,83,1695,1695,3504
35,83,1695,1695,3504
36,84,1695,1695,3504
36,84,1695,1695,3504
36,84,1695,1695,3504
36,84,1695,1695,3504
36,84,1695,1695,3504
36,84,1417,1417,3504
36,83,1290,1290,3504
36,83,1290,1290,3504
36,83,1290,1290,3504
36,82,1290,1290,3504
36,82,1290,1290,3504
36,82,1290,1290,3504
31,81,1290,1290,3504
31,81,1290,1290,3504
31,81,1290,1290,3504
29,80,1290,1290,3504
29,80,1290,1290,3504
29,80,1290,1290,3504
29,80,1290,1290,3504
29,80,1290,1290,3504
29,79,1290,1290,3504
29,79,1290,1290,3504
29,79,1290,1290,3504
29,79,1290,1290,3504
29,79,1430,1430,3504
24,79,1430,1430,3504
24,78,1430,1430,3504
24,78,1430,1430,3504
24,78,1430,1430,3504
24,78,1430,1430,3504
24,78,1430,1430,3504
24,78,1430,1430,3504
24,78,1430,1430,3504
24,78,1430,1430,3504
24,78,1430,1430,3504
24,78,1430,1430,3504
24,78,1430,1430,3504
24,78,1430,1430,3504
25,78,1430,1430,3504
25,78,1430,1430,3504
25,77,1544,1544,3504
26,77,1544,1544,3504
26,78,1544,1544,3504
26,78,1544,1544,3504
26,78,1544,1544,3504
26,78,1544,1544,3504
26,78,1544,1544,3504
26,78,1544,1544,3504
26,78,1544,1544,3504
26,78,1544,1544,3504
26,78,1544,1544,3504
28,78,1544,1544,3504
28,78,1544,1544,3504
28,78,1544,1544,3504
28,78,1544,1544,3504
28,78,1632,1632,3504
28,78,1632,1632,3504
28,78,1632,1632,3504
28,78,1632,1632,3504
28,78,1632,1632,3504
28,78,1632,1632,3504
28,78,1632,1632,3504
28,78,1632,1632,3504
28,78,1632,1632,3504
30,79,1632,1632,3504
30,79,1632,1632,3504
30,79,1632,1632,3504
31,79,1632,1632,3504
31,79,1632,1632,3504
31,79,1632,1632,3504
31,79,1695,1695,3504
31,79,1695,1695,3504
31,79,1695,1695,3504
31,79,1695,1695,3504
31,79,1695,1695,3504
31,80,1695,1695,3504
31,80,1695,1695,3504
33,80,1695,1695,3504
33,80,1695,1695,3504
33,80,1695,1695,3504
33,80,1695,1695,3504
33,80,1695,1695,3504
33,80,1695,1695,3504
33,81,1695,1695,3504
33,81,1695,1695,3504
33,81,1695,1695,3504
33,81,1695,1695,3504
33,81,1695,1695,3504
33,81,1695,1695,3504
33,81,1695,1695,3504
35,81,1695,1695,3504
35,81,1695,1695,3504
35,81,1695,1695,3504
35,81,1695,1695,3504
35,81,1695,1695,3504
35,82,1695,1695,3504
35,82,1695,1695,3504
35,82,1695,1695,3504
35,82,1695,1695,3504
35,82,1695,1695,3504
35,82,1695,1695,3504
35,82,1695,1695,3504
35,82,1695,1695,3504
35,82,1695,1695,3504
35,82,1695,1695,3504
35,82,1695,1695,3504
35,82,1695,1695,3504
35,82,1695,1695,3504
35,82,1695,1695,3504
35,83,1695,1695,3504
35,83,1695,1695,3504
35,83,1695,1695,3504
35,83,1695,1695,3504
35,83,1695,1695,3504
35,83,1695,1695,3504
35,83,1695,1695,3504
35,83,1620,1620,3504
35,83,1620,1620,3504
35,83,1569,1569,3504
35,83,1569,1569,3504
35,83,1569,1569,3504
35,83,1569,1569,3504
35,82,1569,1569,3504
35,82,1569,1569,3504
35,82,1569,1569,3504
35,82,1569,1569,3504
35,82,1569,1569,3504
35,82,1569,1569,3504
35,82,1569,1569,3504
32,82,1569,1569,3504
32,82,1569,1569,3504
32,82,1569,1569,3504
30,82,1607,1607,3504
30,82,1607,1607,3504
30,82,1607,1607,3504
30,82,1607,1607,3504
30,82,1607,1607,3504
30,82,1607,1607,3504
30,82,1607,1607,3504
30,82,1607,1607,3504
30,82,1607,1607,3504
30,82,1607,1607,3504
31,82,1607,1607,3504
31,82,1607,1607,3504
31,81,1607,1607,3504
31,81,1607,1607,3504
31,81,1607,1607,3504
31,82,1620,1620,3504
31,82,1620,1620,3504
31,82,1620,1620,3504
31,82,1620,1620,3504
31,82,1620,1620,3504
31,82,1620,1620,3504
31,82,1620,1620,3504
31,82,1620,1620,3504
31,82,1620,1620,3504
31,82,1620,1620,3504
31,82,1620,1620,3504
31,82,1620,1620,3504
31,82,1620,1620,3504
31,81,1620,1620,3504
31,81,1620,1620,3504
31,81,1620,1620,3504
31,81,1620,1620,3504
31,81,1620,1620,3504
31,81,1620,1620,3504
31,81,1620,1620,3504
31,81,1620,1620,3504
31,81,1620,1620,3504
31,81,1620,1620,3504
31,81,1620,1620,3504
31,81,1620,1620,3504
31,81,1620,1620,3504
31,81,1620,1620,3504
31,81,1620,1620,3504
31,81,1620,1620,3504
31,81,1620,1620,3504
31,81,1695,1695,3504
31,81,1695,1695,3504
31,80,1695,1695,3504
30,80,1695,1695,3504
30,80,1695,1695,3504
29,80,1695,1695,3504
29,80,1695,1695,3504
29,80,1695,1695,3504
29,80,1695,1695,3504
29,80,1695,1695,3504
29,80,1695,1695,3504
29,80,1695,1695,3504
29,80,1695,1695,3504
29,79,1695,1695,3504
29,79,1695,1695,3504
29,79,1695,1695,3504
29,79,1695,1695,3504
29,79,1695,1695,3504
29,79,1695,1695,3504
28,79,1695,1695,3504
28,79,1695,1695,3504
28,79,1695,1695,3504
28,79,1695,1695,3504
28,79,1695,1695,3504
28,79,1695,1695,3504
28,79,1695,1695,3504
28,79,1695,1695,3504
28,79,1695,1695,3504
28,79,1695,1695,3504
28,79,1695,1695,3504
28,79,1695,1695,3504
28,79,1695,1695,3504
28,79,1695,1695,3504
28,79,1695,1695,3504
28,79,1695,1695,3504
28,79,1695,1695,3504
28,78,1695,1695,3504
28,78,1695,1695,3504
28,78,1695,1695,3504
28,78,1695,1695,3504
28,78,1695,1695,3504
28,78,1695,1695,3504
28,78,1695,1695,3504
28,78,1695,1695,3504
28,78,1695,1695,3504
28,78,1695,1695,3504
28,78,1695,1695,3504
28,78,1695,1695,3504
28,78,1695,1695,3504
28,78,1695,1695,3504
28,78,1695,1695,3504
28,78,1695,1695,3504
28,78,1695,1695,3504
28,78,1695,1695,3504
28,78,1695,1695,3504
28,78,1695,1695,3504
28,78,1695,1695,3504
28,78,1695,1695,3504
28,78,1695,1695,3504
28,78,1695,1695,3504
28,78,1695,1695,3504
28,78,1695,1695,3504
28,78,1695,1695,3504
28,78,1695,1695,3504
28,78,1695,1695,3504
28,78,1695,1695,3504
28,78,1695,1695,3504
28,78,1695,1695,3504
28,78,1695,1695,3504
28,77,1695,1695,3504
28,77,1695,1695,3504
28,77,1695,1695,3504
28,77,1695,1695,3504
28,77,1695,1695,3504
28,77,1695,1695,3504
28,77,1695,1695,3504
28,77,1695,1695,3504
28,77,1695,1695,3504
28,77,1695,1695,3504
28,77,1695,1695,3504
28,77,1695,1695,3504
28,77,1695,1695,3504
28,77,1695,1695,3504
28,77,1695,1695,3504
28,77,1695,1695,3504
28,77,1695,1695,3504
28,77,1695,1695,3504
28,77,1695,1695,3504
28,77,1695,1695,3504
28,77,1695,1695,3504
28,77,1695,1695,3504
28,77,1695,1695,3504
28,77,1695,1695,3504
28,77,1695,1695,3504
28,77,1695,1695,3504
28,77,1695,1695,3504
27,77,1695,1695,3504
27,77,1695,1695,3504
27,77,1695,1695,3504
27,77,1695,1695,3504
27,77,1695,1695,3504
27,77,1695,1695,3504
27,77,1695,1695,3504
27,77,1695,1695,3504
27,77,1695,1695,3504
27,77,1695,1695,3504
27,77,1695,1695,3504
27,77,1695,1695,3504
27,77,1695,1695,3504
27,77,1695,1695,3504
27,77,1695,1695,3504
27,77,1695,1695,3504
27,76,1695,1695,3504
27,76,1695,1695,3504
27,76,1695,1695,3504
27,76,1695,1695,3504
27,76,1695,1695,3504
27,76,1695,1695,3504
27,75,1695,1695,3504
27,75,1695,1695,3504
27,75,1695,1695,3504
25,75,1695,1695,3504
25,75,1695,1695,3504
24,75,1695,1695,3504
24,75,1695,1695,3504
24,75,1695,1695,3504
24,75,1695,1695,3504
24,75,1695,1695,3504
24,75,1695,1695,3504
24,74,1695,1695,3504
24,74,1695,1695,3504
24,74,1695,1695,3504
24,74,1695,1695,3504
24,74,1695,1695,3504
24,74,1695,1695,3504
24,74,1695,1695,3504
24,74,1695,1695,3504
24,74,1695,1695,3504
24,74,1695,1695,3504
24,73,1695,1695,3504
24,73,1695,1695,3504
24,73,1695,1695,3504
24,73,1695,1695,3504
24,73,1695,1695,3504
24,73,1695,1695,3504
24,73,1695,1695,3504
24,73,1695,1695,3504
24,73,1695,1695,3504
24,73,1695,1695,3504
24,73,1695,1695,3504
24,73,1695,1695,3504
24,73,1695,1695,3504
24,73,1695,1695,3504
24,73,1695,1695,3504
24,73,1695,1695,3504
24,73,1695,1695,3504
24,73,1695,1695,3504
24,72,1695,1695,3504
24,72,1695,1695,3504
24,72,1695,1695,3504
24,72,1695,1695,3504
24,72,1695,1695,3504
24,72,1695,1695,3504
24,72,1695,1695,3504
24,72,1695,1695,3504
24,72,1695,1695,3504
24,72,1695,1695,3504
24,72,1695,1695,3504
24,72,1695,1695,3504
24,72,1695,1695,3504
24,72,1695,1695,3504
24,72,1695,1695,3504
24,72,1695,1695,3504
24,72,1695,1695,3504
24,72,1695,1695,3504
24,72,1695,1695,3504
24,72,1695,1695,3504
24,71,1695,1695,3504
24,71,1695,1695,3504
24,71,1695,1695,3504
24,71,1695,1695,3504
24,71,1695,1695,3504
24,71,1695,1695,3504
24,71,1695,1695,3504
24,71,1695,1695,3504
24,71,1695,1695,3504
24,71,1695,1695,3504
24,71,1695,1695,3504
24,71,1695,1695,3504
24,71,1695,1695,3504
24,71,1695,1695,3504
24,71,1695,1695,3504
24,71,1695,1695,3504
24,71,1695,1695,3504
24,71,1695,1695,3504
24,71,1695,1695,3504
24,71,1695,1695,3504
24,71,1695,1695,3504
24,71,1695,1695,3504
24,71,1695,1695,3504
24,71,1695,1695,3504
24,71,1695,1695,3504
24,71,1695,1695,3504
24,71,1695,1695,3504
24,71,1695,1695,3504
24,70,1695,1695,3504
24,70,1695,1695,3504
24,70,1695,1695,3504
24,70,1695,1695,3504
24,70,1695,1695,3504
24,70,1695,1695,3504
24,70,1695,1695,3504
24,70,1695,1695,3504
24,70,1695,1695,3504
24,70,1695,1695,3504
24,70,1695,1695,3504
24,70,1695,1695,3504
24,70,1695,1695,3504
24,70,1695,1695,3504
24,70,1695,1695,3504
24,70,1695,1695,3504
24,70,1695,1695,3504
24,70,1695,1695,3504
24,70,1695,1695,3504
24,70,1695,1695,3504
24,70,1695,1695,3504
24,70,1695,1695,3504
24,70,1695,1695,3504
24,70,1695,1695,3504
24,70,1695,1695,3504
24,70,1695,1695,3504
24,70,1695,1695,3504
24,70,1695,1695,3504
24,70,1695,1695,3504
24,70,1695,1695,3504
24,70,1695,1695,3504
24,70,1695,1695,3504
24,70,1695,1695,3504
24,70,1695,1695,3504
24,69,1695,1695,3504
24,69,1695,1695,3504
24,69,1695,1695,3504
24,69,1695,1695,3504
23,69,1695,1695,3504
23,69,1695,1695,3504
23,69,1695,1695,3504
23,69,1695,1695,3504
23,69,1695,1695,3504
23,69,1695,1695,3504
23,69,1695,1695,3504
23,69,1695,1695,3504
23,69,1695,1695,3504
23,69,1695,1695,3504
23,69,1695,1695,3504
23,69,1695,1695,3504
23,69,1695,1695,3504
23,69,1695,1695,3504
23,69,1695,1695,3504
23,69,1695,1695,3504
23,69,1695,1695,3504
23,69,1695,1695,3504
23,69,1695,1695,3504
23,69,1695,1695,3504
23,69,1695,1695,3504
23,69,1695,1695,3504
23,69,1695,1695,3504
23,69,1695,1695,3504
23,68,1695,1695,3504
23,68,1695,1695,3504
23,68,1695,1695,3504
23,68,1695,1695,3504
23,68,1695,1695,3504
23,68,1695,1695,3504
23,68,1695,1695,3504
23,68,1695,1695,3504
23,68,1695,1695,3504
23,68,1695,1695,3504
23,68,1695,1695,3504
23,68,1695,1695,3504
23,68,1695,1695,3504
23,68,1695,1695,3504
23,68,1695,1695,3504
23,68,1695,1695,3504
23,68,1695,1695,3504
23,68,1695,1695,3504
23,68,1695,1695,3504
23,68,1695,1695,3504
23,68,1695,1695,3504
23,68,1695,1695,3504
23,68,1695,1695,3504
23,68,1695,1695,3504
23,68,1695,1695,3504
23,68,1695,1695,3504
23,68,1695,1695,3504
23,68,1695,1695,3504
23,68,1695,1695,3504
23,68,1695,1695,3504
23,68,1695,1695,3504
23,68,1695,1695,3504
23,68,1695,1695,3504
23,68,1695,1695,3504
23,68,1695,1695,3504
23,68,1695,1695,3504
23,68,1695,1695,3504
23,68,1695,1695,3504
23,67,1695,1695,3504
23,67,1695,1695,3504
23,67,1695,1695,3504
23,68,1695,1695,3504
23,68,1695,1695,3504
23,67,1695,1695,3504
23,67,1695,1695,3504
23,67,1695,1695,3504
23,67,1695,1695,3504
23,67,1695,1695,3504
23,67,1695,1695,3504
23,67,1695,1695,3504
23,67,1695,1695,3504
23,67,1695,1695,3504
23,67,1695,1695,3504
23,67,1695,1695,3504
23,67,1695,1695,3504
23,67,1695,1695,3504
23,67,1695,1695,3504
23,67,1695,1695,3504
23,67,1695,1695,3504
23,67,1695,1695,3504
23,67,1695,1695,3504
23,67,1695,1695,3504
23,67,1695,1695,3504
23,67,1695,1695,3504
23,67,1695,1695,3504
23,67,1695,1695,3504
23,67,1695,1695,3504
23,67,1695,1695,3504
23,67,1695,1695,3504
23,67,1695,1695,3504
23,67,1695,1695,3504
23,67,1695,1695,3504
23,67,1695,1695,3504
23,67,1695,1695,3504
23,67,1695,1695,3504
23,67,1695,1695,3504
23,67,1695,1695,3504
23,67,1695,1695,3504
23,67,1695,1695,3504
23,67,1695,1695,3504
23,67,1695,1695,3504
23,67,1695,1695,3504
23,67,1695,1695,3504
23,67,1695,1