4,19,139,139,405
4,19,139,139,405
4,19,139,139,405
4,19,1290,1290,3504
4,19,1290,1290,3504
4,19,1290,1290,3504
4,19,1290,1290,3504
4,20,1290,1290,3504
4,20,1290,1290,3504
4,20,1290,1290,3504
4,21,1290,1290,3504
7,21,1392,1392,3504
7,21,1392,1392,3504
7,22,1392,1392,3504
7,22,1392,1392,3504
17,22,1392,1392,3504
17,23,1392,1392,3504
17,23,1392,1392,3504
17,23,1392,1392,3504
17,23,1392,1392,3504
17,23,1392,1392,3504
17,23,1392,1392,3504
17,24,1392,1392,3504
17,24,1392,1392,3504
17,24,1392,1392,3504
21,25,1392,1392,3504
21,25,1392,1392,3504
21,25,1531,1531,3504
22,25,1531,1531,3504
22,25,1531,1531,3504
22,26,1531,1531,3504
22,26,1531,1531,3504
22,26,1531,1531,3504
22,27,1531,1531,3504
22,27,1531,1531,3504
22,27,1531,1531,3504
22,28,1531,1531,3504
22,28,1531,1531,3504
24,28,1531,1531,3504
24,28,1531,1531,3504
24,28,1531,1531,3504
24,28,1531,1531,3504
25,29,1531,1531,3504
25,29,1695,1695,3504
25,29,1695,1695,3504
25,30,1695,1695,3504
25,30,1695,1695,3504
25,30,1695,1695,3504
25,31,1695,1695,3504
25,31,1695,1695,3504
27,32,1695,1695,3504
27,33,1695,1695,3504
27,33,1695,1695,3504
28,33,1695,1695,3504
28,33,1695,1695,3504
28,33,1695,1695,3504
28,33,1695,1695,3504
28,34,1784,1784,3504
28,34,1784,1784,3504
28,34,1784,1784,3504
28,35,1784,1784,3504
28,35,1784,1784,3504
28,35,1784,1784,3504
30,36,1784,1784,3504
30,36,1784,1784,3504
30,37,1784,1784,3504
31,37,1784,1771,3504
31,38,1771,1771,3504
31,38,1771,1771,3504
31,38,1771,1771,3504
31,39,1771,1771,3504
31,39,1771,1771,3504
31,39,1771,1771,3504
31,39,1771,1771,3504
31,39,1771,1771,3504
33,40,1771,1771,3504
33,40,1771,1771,3504
33,40,1771,1771,3504
33,41,1771,1771,3504
33,41,1771,1771,3504
33,41,1771,1771,3504
33,41,1771,1771,3504
33,41,1771,1771,3504
33,41,1771,1771,3504
33,42,1771,1771,3504
33,42,1771,1771,3504
33,42,1771,1771,3504
33,43,1771,1771,3504
33,43,1771,1771,3504
33,43,1771,1771,3504
33,43,1771,1771,3504
33,43,1771,1771,3504
33,44,1771,1771,3504
33,44,1771,1771,3504
33,44,1771,1771,3504
33,44,1771,1771,3504
33,44,1771,1771,3504
33,44,1771,1771,3504
33,45,1771,1771,3504
33,45,1771,1771,3504
33,45,1771,1771,3504
33,45,1771,1771,3504
34,45,1771,1759,3504
34,46,1759,1759,3504
34,46,1759,1759,3504
34,46,1759,1759,3504
34,46,1759,1759,3504
34,47,1759,1759,3504
34,47,1759,1759,3504
34,47,1759,1759,3504
34,47,1759,1759,3504
34,47,1759,1759,3504
34,48,1759,1759,3504
33,48,1759,1759,3504
33,48,1759,1759,3504
33,48,1759,1759,3504
33,48,1759,1759,3504
33,48,1759,1759,3504
33,49,1759,1759,3504
33,49,1759,1759,3504
33,49,1759,1759,3504
33,49,1759,1759,3504
33,49,1759,1759,3504
33,50,1759,1759,3504
33,50,1759,1759,3504
33,50,1759,1759,3504
33,50,1759,1759,3504
33,50,1759,1759,3504
33,50,1759,1759,3504
33,50,1759,1759,3504
33,50,1759,1759,3504
33,50,1759,1759,3504
33,51,1759,1759,3504
33,51,1759,1759,3504
33,51,1759,1759,3504
33,51,1759,1759,3504
33,51,1759,1759,3504
33,52,1759,1759,3504
34,52,1759,1759,3504
34,52,1759,1759,3504
34,52,1759,1759,3504
34,52,1759,1759,3504
34,52,1759,1759,3504
34,52,1759,1759,3504
34,52,1759,1759,3504
34,53,1759,1759,3504
34,53,1759,1759,3504
34,53,1759,1759,3504
34,53,1759,1759,3504
34,53,1759,1759,3504
34,53,1759,1759,3504
34,54,1759,1759,3504
34,54,1759,1759,3504
34,54,1759,1759,3504
34,54,1759,1759,3504
34,54,1759,1759,3504
34,54,1759,1759,3504
34,54,1759,1759,3504
34,54,1759,1759,3504
34,54,1759,1759,3504
34,54,1759,1759,3504
34,55,1759,1759,3504
34,55,1759,1759,3504
34,55,1759,1759,3504
34,55,1759,1759,3504
34,55,1759,1759,3504
34,55,1759,1759,3504
34,55,1759,1759,3504
34,55,1759,1759,3504
34,55,1759,1759,3504
34,56,1759,1759,3504
34,56,1759,1759,3504
34,56,1759,1759,3504
34,56,1759,1759,3504
34,56,1759,1759,3504
34,56,1759,1759,3504
34,56,1759,1746,3504
34,57,1746,1746,3504
34,57,1746,1746,3504
34,57,1746,1746,3504
34,57,1746,1746,3504
34,57,1746,1746,3504
34,57,1746,1746,3504
34,57,1746,1746,3504
34,57,1746,1746,3504
34,57,1746,1746,3504
34,57,1746,1746,3504
34,57,1746,1746,3504
34,58,1746,1746,3504
34,58,1746,1746,3504
34,58,1746,1746,3504
34,58,1746,1746,3504
34,58,1746,1746,3504
34,58,1746,1746,3504
34,58,1746,1746,3504
34,58,1746,1746,3504
34,59,1746,1746,3504
34,59,1746,1746,3504
34,59,1746,1746,3504
34,59,1746,1746,3504
34,59,1746,1746,3504
34,59,1746,1746,3504
34,59,1746,1746,3504
34,59,1746,1746,3504
34,59,1746,1746,3504
34,59,1746,1746,3504
34,59,1746,1746,3504
34,60,1746,1746,3504
34,60,1746,1746,3504
34,60,1746,1746,3504
34,60,1746,1746,3504
34,60,1746,1746,3504
34,60,1746,1746,3504
34,60,1746,1746,3504
34,60,1746,1746,3504
34,60,1746,1746,3504
34,60,1746,1746,3504
34,60,1746,1746,3504
34,61,1746,1746,3504
34,61,1746,1746,3504
34,61,1746,1746,3504
34,61,1746,1746,3504
34,61,1746,1746,3504
34,61,1746,1746,3504
34,61,1746,1746,3504
34,61,1746,1746,3504
34,61,1746,1746,3504
34,61,1746,1746,3504
34,61,1746,1746,3504
34,61,1746,1746,3504
34,61,1746,1746,3504
35,61,1746,1746,3504
35,62,1746,1746,3504
35,62,1746,1746,3504
35,62,1746,1746,3504
35,62,1746,1746,3504
35,62,1746,1746,3504
35,62,1746,1746,3504
35,62,1746,1746,3504
35,62,1746,1746,3504
35,62,1746,1746,3504
35,62,1746,1746,3504
35,62,1746,1746,3504
35,63,1746,1746,3504
35,63,1746,1746,3504
35,63,1746,1746,3504
35,63,1746,1746,3504
35,63,1746,1746,3504
35,63,1746,1733,3504
35,63,1733,1733,3504
35,63,1733,1733,3504
35,63,1733,1733,3504
35,63,1733,1733,3504
35,63,1733,1733,3504
35,63,1733,1733,3504
35,63,1733,1733,3504
35,63,1733,1733,3504
35,64,1733,1733,3504
35,64,1733,1733,3504
35,64,1733,1733,3504
35,64,1733,1733,3504
35,64,1733,1733,3504
35,64,1733,1733,3504
35,64,1733,1733,3504
35,64,1733,1733,3504
35,64,1733,1733,3504
35,64,1733,1733,3504
35,64,1733,1733,3504
34,64,1733,1733,3504
34,64,1733,1733,3504
34,64,1733,1733,3504
34,64,1733,1733,3504
34,64,1733,1733,3504
34,64,1733,1733,3504
34,65,1733,1733,3504
34,65,1733,1733,3504
34,65,1733,1733,3504
34,65,1733,1733,3504
34,65,1733,1733,3504
34,65,1733,1733,3504
34,65,1733,1733,3504
34,65,1733,1733,3504
34,65,1733,1733,3504
34,65,1733,1733,3504
35,65,1733,1733,3504
35,65,1733,1733,3504
35,65,1733,1733,3504
35,65,1733,1733,3504
35,65,1733,1733,3504
35,65,1733,1733,3504
35,65,1733,1733,3504
35,65,1733,1733,3504
35,65,1733,1733,3504
35,65,1733,1733,3504
35,65,1733,1733,3504
35,65,1733,1733,3504
35,66,1733,1733,3504
35,66,1733,1733,3504
35,66,1733,1733,3504
35,66,1733,1733,3504
35,66,1733,1733,3504
35,66,1733,1733,3504
35,66,1733,1733,3504
35,66,1733,1733,3504
35,66,1733,1733,3504
35,66,1733,1733,3504
35,66,1733,1733,3504
35,66,1733,1733,3504
35,66,1733,1733,3504
35,66,1733,1733,3504
35,66,1733,1733,3504
35,66,1733,1733,3504
35,66,1733,1733,3504
35,66,1733,1733,3504
35,66,1733,1733,3504
35,66,1733,1733,3504
35,67,1733,1733,3504
35,67,1733,1733,3504
35,67,1733,1733,3504
35,67,1733,1733,3504
35,67,1733,1733,3504
35,67,1733,1733,3504
35,67,1733,1733,3504
35,67,1733,1733,3504
35,67,1733,1733,3504
35,67,1733,1733,3504
35,67,1733,1733,3504
35,67,1733,1733,3504
35,67,1733,1733,3504
35,67,1733,1733,3504
35,67,1733,1733,3504
35,67,1733,1733,3504
35,67,1733,1733,3504
35,67,1733,1733,3504
35,67,1733,1733,3504
35,68,1733,1733,3504
35,68,1733,1733,3504
35,68,1733,1733,3504
35,68,1733,1733,3504
35,68,1733,1733,3504
35,68,1733,1733,3504
35,68,1733,1733,3504
35,68,1733,1733,3504
35,68,1733,1733,3504
35,68,1733,1733,3504
35,68,1733,1733,3504
35,68,1733,1733,3504
35,68,1733,1733,3504
35,68,1733,1733,3504
35,68,1733,1733,3504
35,68,1733,1721,3504
35,68,1721,1721,3504
35,68,1721,1721,3504
35,68,1721,1721,3504
35,68,1721,1721,3504
35,68,1721,1721,3504
35,68,1721,1721,3504
35,68,1721,1721,3504
35,69,1721,1721,3504
35,69,1721,1721,3504
35,69,1721,1721,3504
35,69,1721,1721,3504
35,69,1721,1721,3504
35,69,1721,1721,3504
35,69,1721,1721,3504
35,69,1721,1721,3504
35,69,1721,1721,3504
35,69,1721,1721,3504
35,69,1721,1721,3504
35,69,1721,1721,3504
35,69,1721,1721,3504
35,69,1721,1721,3504
35,69,1721,1721,3504
35,69,1721,1721,3504
35,70,1721,1721,3504
35,70,1721,1721,3504
35,70,1721,1721,3504
35,70,1721,1721,3504
35,70,1721,1721,3504
35,70,1721,1721,3504
35,70,1721,1721,3504
35,70,1721,1721,3504
35,70,1721,1721,3504
35,70,1721,1721,3504
35,70,1721,1721,3504
35,70,1721,1721,3504
35,70,1721,1721,3504
35,70,1721,1721,3504
35,70,1721,1721,3504
35,70,1721,1721,3504
35,70,1721,1721,3504
35,70,1721,1721,3504
35,70,1721,1721,3504
35,70,1721,1721,3504
35,70,1721,1721,3504
35,70,1721,1721,3504
35,70,1721,1721,3504
35,70,1721,1721,3504
35,70,1721,1721,3504
35,71,1721,1721,3504
35,71,1721,1721,3504
35,71,1721,1721,3504
35,71,1721,1721,3504
35,71,1721,1721,3504
35,71,1721,1721,3504
35,71,1721,1721,3504
35,71,1721,1721,3504
35,71,1721,1721,3504
35,71,1721,1721,3504
35,71,1721,1721,3504
35,71,1721,1721,3504
35,71,1721,1721,3504
35,71,1721,1721,3504
35,71,1721,1721,3504
35,71,1721,1721,3504
35,71,1721,1721,3504
35,72,1721,1721,3504
35,72,1721,1721,3504
35,72,1721,1721,3504
35,72,1721,1721,3504
35,72,1721,1721,3504
35,72,1721,1721,3504
35,72,1721,1721,3504
35,72,1721,1721,3504
35,72,1721,1721,3504
35,72,1721,1721,3504
35,72,1721,1721,3504
35,72,1721,1721,3504
35,72,1721,1721,3504
35,72,1721,1721,3504
35,72,1721,1721,3504
35,72,1721,1721,3504
35,72,1721,1721,3504
35,72,1721,1721,3504
35,72,1721,1721,3504
35,72,1721,1721,3504
35,72,1721,1721,3504
35,72,1721,1721,3504
35,72,1721,1721,3504
35,72,1721,1721,3504
35,73,1721,1721,3504
35,73,1721,1721,3504
35,73,1721,1721,3504
35,73,1721,1721,3504
35,73,1721,1721,3504
35,73,1721,1721,3504
35,73,1721,1721,3504
35,73,1721,1721,3504
35,73,1721,1721,3504
35,73,1721,1721,3504
35,73,1721,1721,3504
35,73,1721,1721,3504
35,73,1721,1721,3504
35,73,1721,1721,3504
35,73,1721,1721,3504
35,73,1721,1721,3504
35,73,1721,1721,3504
35,73,1721,1721,3504
35,73,1721,1721,3504
35,73,1721,1721,3504
35,73,1721,1721,3504
35,73,1721,1721,3504
35,73,1721,1721,3504
35,73,1721,1721,3504
35,73,1721,1721,3504
35,73,1721,1708,3504
35,73,1708,1708,3504
35,73,1708,1708,3504
35,74,1708,1708,3504
35,74,1708,1708,3504
35,74,1708,1708,3504
35,73,1708,1708,3504
35,73,1708,1708,3504
35,73,1708,1708,3504
35,74,1708,1708,3504
35,74,1708,1708,3504
35,74,1708,1708,3504
35,74,1708,1708,3504
35,74,1708,1708,3504
35,74,1708,1708,3504
35,74,1708,1708,3504
35,74,1708,1708,3504
35,74,1708,1708,3504
35,74,1708,1708,3504
35,74,1708,1708,3504
35,74,1708,1708,3504
35,74,1708,1708,3504
35,74,1708,1708,3504
35,74,1708,1708,3504
35,74,1708,1708,3504
35,74,1708,1708,3504
35,74,1708,1708,3504
35,74,1708,1708,3504
35,74,1708,1708,3504
35,74,1708,1708,3504
35,74,1708,1708,3504
35,74,1708,1708,3504
35,74,1708,1708,3504
35,74,1708,1708,3504
35,74,1708,1708,3504
35,74,1708,1708,3504
35,74,1708,1708,3504
35,74,1708,1708,3504
35,74,1708,1708,3504
35,74,1708,1708,3504
35,74,1708,1708,3504
35,74,1708,1708,3504
35,74,1708,1708,3504
35,74,1708,1708,3504
35,74,1708,1708,3504
35,74,1708,1708,3504
35,74,1708,1708,3504
35,74,1708,1708,3504
35,74,1708,1708,3504
35,75,1708,1708,3504
35,75,1708,1708,3504
35,75,1708,1708,3504
35,75,1708,1708,3504
35,75,1708,1708,3504
35,75,1708,1708,3504
35,75,1708,1708,3504
35,75,1708,1708,3504
35,75,1708,1708,3504
35,75,1708,1708,3504
35,75,1708,1708,3504
35,75,1708,1708,3504
35,75,1708,1708,3504
35,75,1708,1708,3504
35,75,1708,1708,3504
35,75,1708,1708,3504
35,75,1708,1708,3504
35,75,1708,1708,3504
35,75,1708,1708,3504
35,75,1708,1708,3504
35,75,1708,1708,3504
35,75,1708,1708,3504
35,75,1708,1708,3504
35,75,1708,1708,3504
35,75,1708,1708,3504
35,75,1708,1708,3504
35,75,1708,1708,3504
35,75,1708,1708,3504
35,75,1708,1708,3504
35,75,1708,1708,3504
35,75,1708,1708,3504
35,75,1708,1708,3504
35,75,1708,1708,3504
35,76,1708,1708,3504
35,76,1708,1708,3504
35,76,1708,1708,3504
35,76,1708,1708,3504
35,76,1708,1708,3504
35,76,1708,1708,3504
35,76,1708,1708,3504
35,76,1708,1708,3504
35,76,1708,1708,3504
35,76,1708,1708,3504
35,76,1708,1708,3504
35,76,1708,1708,3504
35,76,1708,1708,3504
35,76,1708,1708,3504
35,76,1708,1708,3504
35,76,1708,1708,3504
35,76,1708,1708,3504
35,76,1708,1708,3504
35,76,1708,1708,3504
35,76,1708,1708,3504
35,76,1708,1708,3504
35,76,1708,1708,3504
35,76,1708,1708,3504
35,76,1708,1708,3504
35,76,1708,1708,3504
35,76,1708,1708,3504
35,76,1708,1708,3504
35,76,1708,1708,3504
35,76,1708,1708,3504
35,76,1708,1708,3504
35,76,1708,1708,3504
35,76,1708,1708,3504
35,76,1708,1708,3504
35,76,1708,1708,3504
35,76,1708,1708,3504
35,76,1708,1708,3504
35,76,1708,1708,3504
35,77,1708,1708,3504
35,77,1708,1708,3504
35,77,1708,1708,3504
35,77,1708,1708,3504
35,77,1708,1708,3504
35,77,1708,1708,3504
35,77,1708,1708,3504
35,77,1708,1708,3504
35,77,1708,1708,3504
35,77,1708,1708,3504
35,77,1708,1708,3504
35,77,1708,1708,3504
35,77,1708,1708,3504
35,77,1708,1708,3504
35,77,1708,1708,3504
35,77,1708,1708,3504
35,77,1708,1708,3504
35,77,1708,1708,3504
35,77,1708,1708,3504
35,77,1708,1708,3504
35,77,1708,1708,3504
35,77,1708,1708,3504
35,77,1708,1708,3504
35,77,1708,1708,3504
35,77,1708,1708,3504
35,77,1708,1708,3504
35,77,1708,1708,3504
35,77,1708,1708,3504
35,77,1708,1708,3504
35,77,1708,1708,3504
35,77,1708,1708,3504
35,77,1708,1708,3504
35,77,1708,1708,3504
35,77,1708,1708,3504
35,77,1708,1708,3504
35,77,1708,1708,3504
35,77,1708,1708,3504
35,77,1708,1708,3504
35,77,1708,1708,3504
35,77,1708,1708,3504
35,78,1708,1708,3504
35,78,1708,1708,3504
35,78,1708,1708,3504
35,78,1708,1708,3504
35,78,1708,1708,3504
35,78,1708,1708,3504
35,78,1708,1708,3504
35,78,1708,1708,3504
35,78,1708,1708,3504
35,78,1708,1708,3504
35,78,1708,1708,3504
35,78,1708,1708,3504
35,78,1708,1708,3504
35,77,1708,1708,3504
35,77,1708,1708,3504
35,77,1708,1708,3504
35,77,1708,1708,3504
35,77,1708,1708,3504
35,77,1708,1708,3504
35,77,1708,1708,3504
35,77,1708,1708,3504
35,77,1708,1708,3504
35,77,1708,1708,3504
35,76,1708,1708,3504
35,76,1708,1708,3504
35,76,1708,1708,3504
35,76,1708,1708,3504
35,76,1708,1708,3504
35,76,1708,1708,3504
30,76,1708,1708,3504
30,75,1708,1708,3504
30,75,1708,1708,3504
30,75,1708,1708,3504
30,75,1708,1708,3504
30,75,1708,1708,3504
30,75,1708,1708,3504
30,74,1708,1708,3504
30,74,1708,1708,3504
30,74,1708,1708,3504
30,74,1708,1708,3504
30,74,1708,1708,3504
30,74,1708,1708,3504
30,74,1708,1708,3504
30,74,1708,1708,3504
28,74,1708,1708,3504
27,74,1708,1708,3504
27,73,1708,1708,3504
27,73,1708,1708,3504
27,73,1708,1708,3504
27,73,1708,1708,3504
27,73,1708,1708,3504
27,73,1708,1708,3504
27,73,1708,1708,3504
27,73,1708,1708,3504
27,73,1708,1708,3504
27,73,1708,1708,3504
27,73,1708,1708,3504
27,73,1708,1708,3504
27,73,1708,1708,3504
27,73,1708,1708,3504
27,73,1708,1708,3504
27,73,1708,1708,3504
27,73,1708,1708,3504
27,73,1708,1708,3504
27,73,1708,1708,3504
27,72,1708,1708,3504
27,72,1708,1708,3504
27,72,1708,1708,3504
27,72,1708,1708,3504
27,72,1708,1708,3504
27,72,1708,1708,3504
27,72,1708,1708,3504
27,72,1708,1708,3504
27,72,1708,1708,3504
27,72,1708,1708,3504
27,72,1708,1708,3504
27,71,1708,1708,3504
27,71,1708,1708,3504
27,71,1708,1708,3504
27,71,1708,1708,3504
27,71,1708,1708,3504
27,70,1708,1708,3504
27,70,1708,1708,3504
27,70,1708,1708,3504
27,70,1708,1708,3504
24,70,1708,1708,3504
24,70,1708,1708,3504
24,70,1708,1708,3504
24,70,1708,1708,3504
24,69,1708,1708,3504
24,69,1708,1708,3504
24,69,1708,1708,3504
24,69,1708,1708,3504
24,69,1708,1708,3504
24,69,1708,1708,3504
24,69,1708,1708,3504
24,69,1708,1708,3504
24,69,1708,1708,3504
24,69,1708,1708,3504
24,68,1708,1708,3504
24,68,1708,1708,3504
24,68,1708,1708,3504
24,68,1708,1708,3504
24,68,1708,1708,3504
24,68,1708,1708,3504
24,68,1708,1708,3504
24,68,1708,1708,3504
24,68,1708,1708,3504
24,68,1708,1708,3504
24,68,1708,1708,3504
24,68,1708,1708,3504
24,67,1708,1708,3504
24,67,1708,1708,3504
24,67,1708,1708,3504
24,67,1708,1708,3504
24,67,1708,1708,3504
24,67,1708,1708,3504
24,67,1708,1708,3504
23,67,1708,1708,3504
23,67,1708,1708,3504
23,67,1708,1708,3504
23,67,1708,1708,3504
23,67,1708,1708,3504
23,67,1708,1708,3504
23,66,1708,1708,3504
23,66,1708,1708,3504
23,66,1708,1708,3504
23,66,1708,1708,3504
23,66,1708,1708,3504
23,66,1708,1708,3504
23,66,1708,1708,3504
23,66,1708,1708,3504
23,66,1708,1708,3504
23,66,1708,1708,3504
23,66,1708,1708,3504
23,66,1708,1708,3504
23,66,1708,1708,3504
23,66,1708,1708,3504
23,66,1708,1708,3504
23,65,1708,1708,3504
23,65,1708,1708,3504
23,65,1708,1708,3504
23,65,1708,1708,3504
23,65,1708,1708,3504
23,65,1708,1708,3504
23,65,1708,1708,3504
23,65,1708,1708,3504
23,65,1708,1708,3504
23,65,1708,1708,3504
23,65,1708,1708,3504
23,65,1708,1708,3504
23,65,1708,1708,3504
23,65,1708,1708,3504
23,65,1708,1708,3504
23,65,1708,1708,3504
23,65,1708,1708,3504
23,65,1708,1708,3504
23,65,1708,1708,3504
23,65,1708,1708,3504
23,64,1708,1708,3504
23,64,1708,1708,3504
23,64,1708,1708,3504
23,64,1708,1708,3504
23,64,1708,1708,3504
23,64,1708,1708,3504
23,64,1708,1708,3504
23,64,1708,1708,3504
23,64,1708,1708,3504
23,64,1708,1708,3504
23,64,1708,1708,3504
23,64,1708,1708,3504
23,64,1708,1708,3504
23,64,1708,1708,3504
23,64,1708,1708,3504
23,64,1708,1708,3504
23,64,1708,1708,3504
23,64,1708,1708,3504
23,64,1708,1708,3504
23,64,1708,1708,3504
23,64,1708,1708,3504
23,64,1708,1708,3504
23,64,1708,1708,3504
23,64,1708,1708,3504
23,64,1708,1708,3504
23,64,1708,1708,3504
23,64,1708,1708,3504
23,64,1708,1708,3504
23,64,1708,1708,3504
23,64,1708,1708,3504
23,64,1708,1708,3504
23,64,1708,1708,3504
23,64,1708,1708,3504
23,64,1708,1708,3504
23,64,1708,1708,3504
23,63,1708,1708,3504
23,63,1708,1708,3504
23,63,1708,1708,3504
23,63,1708,1708,3504
23,63,1708,1708,3504
23,63,1708,1708,3504
23,63,1708,1708,3504
23,63,1708,1708,3504
23,63,1708,1708,3504
23,63,1708,1708,3504
23,63,1708,1708,3504
23,63,1708,1708,3504
23,63,1708,1708,3504
23,63,1708,1708,3504
23,63,1708,1708,3504
23,63,1708,1708,3504
23,63,1708,1708,3504
23,63,1708,1708,3504
23,63,1708,1708,3504
23,63,1708,1708,3504
23,63,1708,1708,3504
23,63,1708,1708,3504
23,63,1708,1708,3504
23,63,1708,1708,3504
23,63,1708,1708,3504
23,63,1708,1708,3504
23,63,1708,1708,3504
23,63,1708,1708,3504
23,63,1708,1708,3504
23,63,1708,1708,3504
23,63,1708,1708,3504
23,63,1708,1708,3504
23,63,1708,1708,3504
23,63,1708,1708,3504
23,63,1708,1708,3504
23,62,1708,1708,3504
23,62,1708,1708,3504
23,62,1708,1708,3504
23,62,1708,1708,3504
23,62,1708,1708,3504
23,62,1708,1708,3504
23,62,1708,1708,3504
23,62,1708,1708,3504
23,62,1708,1708,3504
23,62,1708,1708,3504
23,62,1708,1708,3504
23,62,1708,1708,3504
23,62,1708,1708,3504
23,62,1708,1708,3504
23,62,1708,1708,3504
23,62,1708,1708,3504
23,62,1708,1708,3504
23,62,1708,1708,3504
23,62,1708,1708,3504
23,62,1708,1708,3504
23,62,1708,1708,3504
23,62,1708,1708,3504
23,62,1708,1708,3504
23,62,1708,1708,3504
23,62,1708,1708,3504
23,62,1708,1708,3504
23,61,1708,1708,3504
23,61,1708,1708,3504
23,61,1708,1708,3504
23,61,1708,1708,3504
23,61,1708,1708,3504
23,61,1708,1708,3504
23,61,1708,1708,3504
23,61,1708,1708,3504
23,61,1708,1708,3504
23,61,1708,1708,3504
23,61,1708,1708,3504
23,61,1708,1708,3504
23,61,1708,1708,3504
23,61,1708,1708,3504
23,61,1708,1708,3504
23,61,1708,1708,3504
23,61,1708,1708,3504
23,61,1708,1708,3504
23,61,1708,1708,3504
23,61,1708,1708,3504
23,61,1708,1708,3504
23,61,1708,1708,3504
23,61,1708,1708,3504
23,61,1708,1708,3504
23,61,1708,1708,3504
23,61,1708,1708,3504
23,61,1708,1708,3504
23,61,1708,1708,3504
23,61,1708,1708,3504
23,61,1708,1708,3504
23,61,1708,1708,3504
23,61,1708,1708,3504
23,61,1708,1708,3504
23,61,1708,1708,3504
23,61,1708,1708,3504
23,61,1708,1708,3504
23,61,1708,1708,3504
23,61,1708,1708,3504
23,61,1708,1708,3504
23,61,1708,1708,3504
23,61,1708,1708,3504
23,61,1708,1708,3504
23,61,1708,1708,3504
23,61,1708,1708,3504
23,61,1708,1708,3504
23,61,1708,1708,3504
23,61,1708,1708,3504
23,61,1708,1708,3504
23,61,1708,1708,3504
23,61,1708,1708,3504
23,61,1708,1708,3504
23,61,1708,1708,3504
23,61,1708,1708,3504
23,61,1708,1708,3504
23,61,1708,1708,3504
23,61,1708,1708,3504
23,61,1708,1708,3504
23,61,1708,1708,3504
23,61,1708,1708,3504
23,61,1708,1708,3504
23,60,1708,1708,3504
23,60,1708,1708,3504
23,60,1708,1708,3504
23,61,1708,1708,3504
23,61,1708,1708,3504
23,61,1708,1708,3504
23,60,1708,1708,3504
23,60,1708,1708,3504
23,60,1708,1708,3504
23,60,1708,1708,3504
23,60,1708,1708,3504
23,60,1708,1708,3504
23,60,1708,1708,3504
23,60,1708,1708,3504
23,60,1708,1708,3504
23,60,1708,1708,3504
23,60,1708,1708,3504
23,60,1708,1708,3504
23,60,1708,1708,3504
23,60,1708,1708,3504
23,60,1708,1708,3504
23,60,1708,1708,3504
23,60,1708,1708,3504
23,60,1708,1708,3504
23,60,1708,1708,3504
23,60,1708,1708,3504
23,60,1708,1708,3504
23,60,1708,1708,3504
23,60,1708,1708,3504
23,60,1708,1708,3504
23,60,1708,1708,3504
23,60,1708,1708,3504
23,60,1708,1708,3504
23,60,1708,1708,3504
23,60,1708,1708,3504
23,60,1708,1708,3504
23,60,1708,1708,3504
23,60,17