4,19,139,139,405
4,19,139,139,405
4,19,139,139,405
4,19,1290,1290,3504
4,19,1290,1290,3504
4,19,1290,1290,3504
4,19,1290,1290,3504
8,19,1290,1290,3504
8,20,1290,1290,3504
8,20,1290,1290,3504
8,20,1290,1290,3504
8,21,1290,1290,3504
8,21,1290,1290,3504
8,21,1290,1290,3504
8,21,1290,1290,3504
8,21,1290,1290,3504
8,21,1290,1290,3504
8,22,1290,1290,3504
8,22,1430,1430,3504
8,22,1430,1430,3504
8,23,1430,1430,3504
22,23,1430,1430,3504
22,23,1430,1430,3504
22,24,1430,1430,3504
22,24,1430,1430,3504
22,24,1430,1430,3504
22,25,1430,1430,3504
22,25,1430,1430,3504
22,25,1430,1430,3504
22,25,1430,1430,3504
22,25,1430,1430,3504
22,25,1430,1430,3504
22,26,1430,1430,3504
22,26,1430,1430,3504
22,26,1430,1582,3504
24,27,1582,1582,3504
24,27,1582,1582,3504
24,27,1582,1582,3504
24,28,1582,1582,3504
24,28,1582,1582,3504
24,28,1582,1582,3504
24,28,1582,1582,3504
24,29,1582,1582,3504
24,29,1582,1582,3504
24,30,1582,1582,3504
24,30,1582,1582,3504
27,30,1582,1582,3504
27,31,1582,1582,3504
27,31,1746,1746,3504
27,31,1746,1746,3504
27,32,1746,1746,3504
27,32,1746,1746,3504
27,32,1746,1746,3504
27,33,1746,1746,3504
27,33,1746,1746,3504
27,33,1746,1746,3504
27,34,1746,1746,3504
27,34,1746,1746,3504
27,34,1746,1746,3504
31,36,1746,1746,3504
31,36,1746,1746,3504
31,36,1746,1746,3504
31,37,1771,1771,3504
31,37,1771,1771,3504
31,37,1771,1771,3504
31,38,1771,1771,3504
31,38,1771,1771,3504
31,38,1771,1771,3504
31,38,1771,1771,3504
31,38,1771,1771,3504
32,39,1771,1771,3504
34,39,1771,1771,3504
34,39,1771,1771,3504
34,40,1771,1771,3504
34,40,1771,1771,3504
34,40,1771,1771,3504
34,41,1771,1771,3504
34,41,1771,1771,3504
34,41,1771,1771,3504
34,41,1771,1771,3504
34,42,1771,1771,3504
34,42,1771,1771,3504
34,43,1771,1771,3504
34,43,1771,1771,3504
34,43,1771,1771,3504
34,43,1771,1771,3504
34,43,1771,1771,3504
34,43,1771,1771,3504
34,44,1771,1771,3504
34,44,1771,1771,3504
34,44,1771,1771,3504
34,45,1771,1771,3504
34,45,1771,1771,3504
34,45,1771,1771,3504
34,45,1771,1771,3504
35,45,1771,1771,3504
35,45,1771,1771,3504
35,46,1771,1771,3504
35,46,1771,1771,3504
35,46,1771,1771,3504
35,47,1771,1771,3504
35,47,1771,1771,3504
35,47,1771,1771,3504
35,47,1771,1771,3504
35,47,1771,1771,3504
35,48,1771,1771,3504
35,48,1771,1771,3504
35,48,1771,1771,3504
35,48,1771,1771,3504
35,48,1771,1771,3504
35,48,1771,1771,3504
35,49,1771,1759,3504
35,49,1759,1759,3504
35,49,1759,1759,3504
35,49,1759,1759,3504
35,50,1759,1759,3504
35,50,1759,1759,3504
35,50,1759,1759,3504
35,50,1759,1759,3504
35,50,1759,1759,3504
35,51,1759,1759,3504
35,51,1759,1759,3504
35,51,1759,1759,3504
35,51,1759,1759,3504
35,51,1759,1759,3504
35,51,1759,1759,3504
35,52,1759,1759,3504
35,52,1759,1759,3504
35,52,1759,1759,3504
35,52,1759,1759,3504
35,52,1759,1759,3504
35,52,1759,1759,3504
35,53,1759,1759,3504
35,53,1759,1759,3504
35,53,1759,1759,3504
35,53,1759,1759,3504
35,53,1759,1759,3504
35,54,1759,1759,3504
35,54,1759,1759,3504
35,54,1759,1759,3504
35,54,1759,1759,3504
35,54,1759,1759,3504
35,54,1759,1759,3504
35,54,1759,1759,3504
35,54,1759,1759,3504
35,54,1759,1759,3504
35,55,1759,1759,3504
36,55,1759,1746,3504
36,55,1746,1746,3504
36,55,1746,1746,3504
36,55,1746,1746,3504
36,56,1746,1746,3504
36,56,1746,1746,3504
36,56,1746,1746,3504
36,56,1746,1746,3504
36,56,1746,1746,3504
36,56,1746,1746,3504
35,56,1746,1746,3504
35,56,1746,1746,3504
35,56,1746,1746,3504
35,57,1746,1746,3504
35,57,1746,1746,3504
35,57,1746,1746,3504
35,57,1746,1746,3504
35,57,1746,1746,3504
35,57,1746,1746,3504
35,58,1746,1746,3504
35,58,1746,1746,3504
35,58,1746,1746,3504
35,58,1746,1746,3504
35,58,1746,1746,3504
35,58,1746,1746,3504
35,58,1746,1746,3504
35,58,1746,1746,3504
35,58,1746,1746,3504
35,58,1746,1746,3504
35,58,1746,1746,3504
35,59,1746,1746,3504
35,59,1746,1746,3504
35,59,1746,1746,3504
35,59,1746,1746,3504
35,59,1746,1746,3504
35,59,1746,1746,3504
35,59,1746,1746,3504
36,59,1746,1746,3504
36,60,1746,1746,3504
36,60,1746,1746,3504
36,60,1746,1746,3504
36,60,1746,1746,3504
36,60,1746,1746,3504
36,60,1746,1746,3504
36,60,1746,1746,3504
36,60,1746,1746,3504
36,60,1746,1746,3504
36,60,1746,1746,3504
36,60,1746,1746,3504
36,61,1746,1746,3504
36,61,1746,1746,3504
36,61,1746,1746,3504
36,61,1746,1746,3504
36,61,1746,1746,3504
36,61,1746,1746,3504
36,62,1746,1746,3504
36,62,1746,1746,3504
36,62,1746,1746,3504
36,62,1746,1746,3504
36,62,1746,1746,3504
36,62,1746,1746,3504
36,62,1746,1746,3504
36,62,1746,1746,3504
36,62,1746,1746,3504
36,62,1746,1746,3504
36,62,1746,1746,3504
36,62,1746,1746,3504
36,62,1746,1746,3504
36,62,1746,1746,3504
36,63,1746,1746,3504
36,63,1746,1746,3504
36,63,1746,1746,3504
36,63,1746,1746,3504
36,63,1746,1746,3504
36,63,1746,1746,3504
36,63,1746,1746,3504
36,63,1746,1746,3504
36,63,1746,1746,3504
36,63,1746,1746,3504
36,64,1746,1746,3504
36,64,1746,1746,3504
36,64,1746,1746,3504
36,64,1746,1746,3504
36,64,1746,1746,3504
36,64,1746,1746,3504
36,64,1746,1746,3504
36,64,1746,1746,3504
36,64,1746,1746,3504
36,65,1746,1746,3504
36,65,1746,1746,3504
36,65,1746,1746,3504
36,65,1746,1746,3504
36,65,1746,1746,3504
36,65,1746,1746,3504
36,65,1746,1746,3504
36,65,1746,1746,3504
36,65,1746,1746,3504
36,65,1746,1746,3504
36,65,1746,1746,3504
36,65,1746,1746,3504
36,66,1746,1746,3504
37,66,1746,1746,3504
37,66,1746,1746,3504
37,66,1746,1746,3504
37,66,1746,1746,3504
37,66,1746,1746,3504
37,66,1746,1746,3504
37,66,1746,1746,3504
37,66,1746,1746,3504
37,66,1746,1721,3504
37,66,1721,1721,3504
37,66,1721,1721,3504
37,66,1721,1721,3504
37,66,1721,1721,3504
36,66,1721,1721,3504
36,66,1721,1721,3504
36,66,1721,1721,3504
36,66,1721,1721,3504
36,67,1721,1721,3504
36,67,1721,1721,3504
36,67,1721,1721,3504
36,67,1721,1721,3504
36,67,1721,1721,3504
36,67,1721,1721,3504
36,67,1721,1721,3504
36,67,1721,1721,3504
36,67,1721,1721,3504
36,67,1721,1721,3504
36,67,1721,1721,3504
36,67,1721,1721,3504
36,67,1721,1721,3504
36,67,1721,1721,3504
36,67,1721,1721,3504
36,67,1721,1721,3504
36,67,1721,1721,3504
36,67,1721,1721,3504
36,67,1721,1721,3504
36,67,1721,1721,3504
36,67,1721,1721,3504
36,67,1721,1721,3504
36,67,1721,1721,3504
36,67,1721,1721,3504
36,67,1721,1721,3504
36,67,1721,1721,3504
36,68,1721,1721,3504
36,68,1721,1721,3504
36,68,1721,1721,3504
36,68,1721,1721,3504
36,68,1721,1721,3504
36,68,1721,1721,3504
36,68,1721,1721,3504
36,68,1721,1721,3504
36,68,1721,1721,3504
36,68,1721,1721,3504
36,68,1721,1721,3504
36,68,1721,1721,3504
36,68,1721,1721,3504
36,68,1721,1721,3504
36,68,1721,1721,3504
36,68,1721,1721,3504
36,68,1721,1721,3504
36,68,1721,1721,3504
35,68,1721,1721,3504
35,68,1721,1721,3504
35,68,1721,1721,3504
35,68,1721,1721,3504
35,68,1721,1721,3504
35,68,1721,1721,3504
35,69,1721,1721,3504
35,69,1721,1721,3504
35,69,1721,1721,3504
35,69,1721,1721,3504
35,69,1721,1721,3504
35,69,1721,1721,3504
35,69,1721,1721,3504
36,69,1721,1721,3504
36,69,1721,1721,3504
36,69,1721,1721,3504
36,69,1721,1721,3504
36,69,1721,1721,3504
36,69,1721,1721,3504
36,69,1721,1721,3504
36,69,1721,1721,3504
36,69,1721,1721,3504
36,69,1721,1721,3504
36,69,1721,1721,3504
36,69,1721,1721,3504
36,69,1721,1721,3504
36,69,1721,1721,3504
36,69,1721,1721,3504
36,69,1721,1721,3504
36,70,1721,1721,3504
36,70,1721,1721,3504
36,70,1721,1721,3504
36,70,1721,1721,3504
36,70,1721,1721,3504
36,70,1721,1721,3504
36,70,1721,1721,3504
36,70,1721,1721,3504
36,70,1721,1721,3504
36,70,1721,1721,3504
36,70,1721,1721,3504
36,70,1721,1721,3504
36,70,1721,1721,3504
36,70,1721,1721,3504
36,70,1721,1721,3504
36,70,1721,1721,3504
36,70,1721,1721,3504
36,70,1721,1721,3504
36,70,1721,1721,3504
36,70,1721,1721,3504
36,71,1721,1721,3504
36,71,1721,1721,3504
36,71,1721,1721,3504
36,71,1721,1721,3504
36,71,1721,1721,3504
36,71,1721,1721,3504
36,71,1721,1721,3504
36,71,1721,1721,3504
36,71,1721,1721,3504
36,71,1721,1721,3504
36,71,1721,1721,3504
36,71,1721,1721,3504
36,71,1721,1721,3504
36,71,1721,1721,3504
36,71,1721,1721,3504
36,71,1721,1721,3504
36,71,1721,1721,3504
36,71,1721,1721,3504
36,71,1721,1721,3504
36,71,1721,1721,3504
36,71,1721,1721,3504
36,71,1721,1721,3504
36,71,1721,1721,3504
36,72,1721,1721,3504
36,72,1721,1721,3504
36,72,1721,1721,3504
36,72,1721,1721,3504
36,72,1721,1721,3504
36,72,1721,1721,3504
36,72,1721,1708,3504
36,72,1708,1708,3504
36,72,1708,1708,3504
36,72,1708,1708,3504
36,72,1708,1708,3504
36,72,1708,1708,3504
36,72,1708,1708,3504
36,72,1708,1708,3504
36,72,1708,1708,3504
36,72,1708,1708,3504
36,72,1708,1708,3504
36,72,1708,1708,3504
36,72,1708,1708,3504
36,72,1708,1708,3504
36,72,1708,1708,3504
36,72,1708,1708,3504
36,72,1708,1708,3504
36,73,1708,1708,3504
36,73,1708,1708,3504
36,73,1708,1708,3504
36,73,1708,1708,3504
36,73,1708,1708,3504
36,73,1708,1708,3504
36,73,1708,1708,3504
36,73,1708,1708,3504
36,73,1708,1708,3504
36,73,1708,1708,3504
36,73,1708,1708,3504
36,73,1708,1708,3504
36,73,1708,1708,3504
36,73,1708,1708,3504
36,73,1708,1708,3504
36,73,1708,1708,3504
36,73,1708,1708,3504
36,73,1708,1708,3504
36,73,1708,1708,3504
36,73,1708,1708,3504
36,73,1708,1708,3504
36,74,1708,1708,3504
36,74,1708,1708,3504
36,74,1708,1708,3504
36,74,1708,1708,3504
36,74,1708,1708,3504
36,74,1708,1708,3504
36,74,1708,1708,3504
36,74,1708,1708,3504
36,74,1708,1708,3504
36,74,1708,1708,3504
36,74,1708,1708,3504
36,74,1708,1708,3504
36,74,1708,1708,3504
36,74,1708,1708,3504
36,74,1708,1708,3504
36,74,1708,1708,3504
36,74,1708,1708,3504
36,74,1708,1708,3504
36,74,1708,1708,3504
36,74,1708,1708,3504
36,74,1708,1708,3504
36,74,1708,1708,3504
36,75,1708,1708,3504
36,75,1708,1708,3504
36,75,1708,1708,3504
36,75,1708,1708,3504
36,75,1708,1708,3504
36,75,1708,1708,3504
36,75,1708,1708,3504
36,75,1708,1708,3504
36,75,1708,1708,3504
36,75,1708,1708,3504
36,75,1708,1708,3504
36,75,1708,1708,3504
36,75,1708,1708,3504
36,75,1708,1708,3504
36,75,1708,1708,3504
36,75,1708,1708,3504
36,75,1708,1708,3504
36,75,1708,1708,3504
36,75,1708,1708,3504
36,75,1708,1708,3504
36,75,1708,1708,3504
36,75,1708,1708,3504
36,75,1708,1708,3504
36,75,1708,1708,3504
36,75,1708,1708,3504
36,75,1708,1708,3504
36,76,1708,1708,3504
36,76,1708,1708,3504
36,76,1708,1708,3504
36,76,1708,1708,3504
36,76,1708,1708,3504
36,76,1708,1708,3504
36,76,1708,1708,3504
36,76,1708,1708,3504
37,76,1708,1708,3504
37,76,1708,1708,3504
37,76,1708,1708,3504
37,76,1708,1708,3504
37,76,1708,1708,3504
37,76,1708,1708,3504
37,76,1708,1708,3504
37,76,1708,1708,3504
37,76,1708,1708,3504
37,76,1708,1708,3504
37,76,1708,1708,3504
37,76,1708,1708,3504
37,76,1708,1708,3504
37,76,1708,1708,3504
37,77,1708,1708,3504
37,77,1708,1708,3504
37,77,1708,1708,3504
37,77,1708,1708,3504
37,77,1708,1708,3504
37,77,1708,1708,3504
37,77,1708,1695,3504
37,77,1695,1695,3504
37,77,1695,1695,3504
37,77,1695,1695,3504
37,77,1695,1695,3504
37,77,1695,1695,3504
37,77,1695,1695,3504
37,77,1695,1695,3504
37,77,1695,1695,3504
37,77,1695,1695,3504
37,77,1695,1695,3504
37,77,1695,1695,3504
37,77,1695,1695,3504
37,77,1695,1695,3504
37,77,1695,1695,3504
37,78,1695,1695,3504
37,78,1695,1695,3504
37,78,1695,1695,3504
37,78,1695,1695,3504
37,78,1695,1695,3504
37,78,1695,1695,3504
37,78,1695,1695,3504
37,78,1695,1695,3504
37,78,1695,1695,3504
37,78,1695,1695,3504
37,78,1695,1695,3504
37,78,1695,1695,3504
37,78,1695,1695,3504
37,78,1695,1695,3504
37,78,1695,1695,3504
37,78,1695,1695,3504
37,78,1695,1695,3504
37,78,1695,1695,3504
37,78,1695,1695,3504
37,78,1695,1695,3504
37,78,1695,1695,3504
37,78,1695,1695,3504
37,78,1695,1695,3504
37,78,1695,1695,3504
37,78,1695,1695,3504
37,78,1695,1695,3504
37,79,1695,1695,3504
37,79,1695,1695,3504
37,79,1695,1695,3504
37,79,1695,1695,3504
37,79,1695,1695,3504
37,79,1695,1695,3504
37,79,1695,1695,3504
37,79,1695,1695,3504
37,79,1695,1695,3504
37,79,1695,1695,3504
37,79,1695,1695,3504
37,79,1695,1695,3504
37,79,1695,1695,3504
37,79,1695,1695,3504
37,79,1695,1695,3504
37,79,1695,1695,3504
37,79,1695,1695,3504
37,79,1695,1695,3504
37,79,1695,1695,3504
37,79,1695,1695,3504
37,79,1695,1695,3504
37,79,1695,1695,3504
37,80,1695,1695,3504
37,80,1695,1695,3504
37,80,1695,1695,3504
37,80,1695,1695,3504
37,80,1695,1695,3504
37,80,1695,1695,3504
37,80,1695,1695,3504
37,80,1695,1695,3504
37,80,1695,1695,3504
37,80,1695,1695,3504
37,80,1695,1695,3504
37,80,1695,1695,3504
37,80,1695,1695,3504
37,80,1695,1695,3504
37,80,1695,1695,3504
37,80,1695,1695,3504
37,80,1695,1695,3504
37,80,1695,1695,3504
37,80,1695,1695,3504
37,80,1695,1695,3504
37,80,1695,1695,3504
37,80,1695,1695,3504
37,80,1695,1695,3504
37,80,1695,1695,3504
37,80,1695,1695,3504
37,80,1695,1695,3504
37,80,1695,1695,3504
37,80,1695,1695,3504
37,80,1695,1695,3504
37,80,1695,1695,3504
37,80,1695,1695,3504
37,80,1695,1695,3504
37,80,1695,1695,3504
37,81,1695,1695,3504
37,81,1695,1695,3504
37,81,1695,1695,3504
37,81,1695,1695,3504
37,81,1695,1695,3504
37,81,1695,1695,3504
37,81,1695,1695,3504
37,81,1695,1695,3504
37,81,1695,1695,3504
37,81,1695,1695,3504
37,81,1695,1695,3504
37,81,1695,1695,3504
37,81,1695,1695,3504
37,81,1695,1695,3504
36,80,1695,1695,3504
36,80,1695,1695,3504
36,80,1695,1695,3504
36,80,1695,1695,3504
36,80,1695,1695,3504
36,79,1695,1695,3504
36,79,1695,1695,3504
36,79,1695,1695,3504
36,79,1695,1695,3504
36,79,1695,1695,3504
35,79,1695,1695,3504
35,78,1695,1695,3504
35,78,1695,1695,3504
30,77,1695,1695,3504
30,77,1695,1695,3504
30,77,1695,1695,3504
30,77,1695,1695,3504
30,77,1695,1695,3504
30,77,1695,1695,3504
30,76,1695,1695,3504
30,76,1695,1695,3504
30,76,1695,1695,3504
30,76,1695,1695,3504
29,76,1695,1695,3504
29,76,1695,1695,3504
29,76,1695,1695,3504
27,76,1695,1695,3504
27,75,1695,1695,3504
27,75,1695,1695,3504
27,75,1695,1695,3504
27,75,1695,1695,3504
27,75,1695,1695,3504
27,75,1695,1695,3504
27,75,1695,1695,3504
27,75,1695,1695,3504
27,75,1695,1695,3504
27,75,1695,1695,3504
27,75,1695,1695,3504
27,74,1695,1695,3504
27,74,1695,1695,3504
27,74,1695,1695,3504
27,74,1695,1695,3504
27,74,1695,1695,3504
27,74,1695,1695,3504
27,74,1695,1695,3504
27,74,1695,1695,3504
27,74,1695,1695,3504
27,74,1695,1695,3504
27,74,1695,1695,3504
27,73,1695,1695,3504
27,73,1695,1695,3504
27,73,1695,1695,3504
27,73,1695,1695,3504
27,72,1695,1695,3504
27,72,1695,1695,3504
27,72,1695,1695,3504
27,72,1695,1695,3504
27,72,1695,1695,3504
27,71,1695,1695,3504
26,71,1695,1695,3504
26,71,1695,1695,3504
26,71,1695,1695,3504
26,71,1695,1695,3504
24,71,1695,1695,3504
24,71,1695,1695,3504
24,70,1695,1695,3504
24,70,1695,1695,3504
24,70,1695,1695,3504
24,70,1695,1695,3504
24,70,1695,1695,3504
24,70,1695,1695,3504
24,70,1695,1695,3504
24,69,1695,1695,3504
24,69,1695,1695,3504
24,69,1695,1695,3504
24,69,1695,1695,3504
24,69,1695,1695,3504
24,69,1695,1695,3504
24,69,1695,1695,3504
24,69,1695,1695,3504
23,69,1695,1695,3504
23,69,1695,1695,3504
23,68,1695,1695,3504
23,68,1695,1695,3504
23,68,1695,1695,3504
23,68,1695,1695,3504
23,68,1695,1695,3504
23,68,1695,1695,3504
23,68,1695,1695,3504
23,68,1695,1695,3504
23,68,1695,1695,3504
23,68,1695,1695,3504
23,67,1695,1695,3504
23,67,1695,1695,3504
23,67,1695,1695,3504
23,67,1695,1695,3504
23,67,1695,1695,3504
23,67,1695,1695,3504
23,67,1695,1695,3504
23,67,1695,1695,3504
23,67,1695,1695,3504
23,67,1695,1695,3504
23,67,1695,1695,3504
23,67,1695,1695,3504
23,67,1695,1695,3504
23,67,1695,1695,3504
23,67,1695,1695,3504
23,66,1695,1695,3504
23,66,1695,1695,3504
23,66,1695,1695,3504
23,66,1695,1695,3504
23,66,1695,1695,3504
23,66,1695,1695,3504
23,66,1695,1695,3504
23,66,1695,1695,3504
23,66,1695,1695,3504
23,66,1695,1695,3504
23,66,1695,1695,3504
23,66,1695,1695,3504
23,66,1695,1695,3504
23,66,1695,1695,3504
23,66,1695,1695,3504
23,66,1695,1695,3504
23,66,1695,1695,3504
23,66,1695,1695,3504
23,65,1695,1695,3504
23,65,1695,1695,3504
23,65,1695,1695,3504
23,65,1695,1695,3504
23,65,1695,1695,3504
23,65,1695,1695,3504
23,65,1695,1695,3504
23,65,1695,1695,3504
23,65,1695,1695,3504
23,65,1695,1695,3504
23,65,1695,1695,3504
23,65,1695,1695,3504
23,65,1695,1695,3504
23,65,1695,1695,3504
23,65,1695,1695,3504
23,65,1695,1695,3504
23,65,1695,1695,3504
23,64,1695,1695,3504
23,64,1695,1695,3504
23,64,1695,1695,3504
23,64,1695,1695,3504
23,64,1695,1695,3504
23,64,1695,1695,3504
23,64,1695,1695,3504
23,64,1695,1695,3504
23,64,1695,1695,3504
23,64,1695,1695,3504
23,64,1695,1695,3504
23,64,1695,1695,3504
23,64,1695,1695,3504
23,64,1695,1695,3504
23,64,1695,1695,3504
23,64,1695,1695,3504
23,64,1695,1695,3504
23,64,1695,1695,3504
23,64,1695,1695,3504
23,64,1695,1695,3504
23,63,1695,1695,3504
23,63,1695,1695,3504
23,63,1695,1695,3504
23,63,1695,1695,3504
23,63,1695,1695,3504
23,63,1695,1695,3504
23,63,1695,1695,3504
23,63,1695,1695,3504
23,63,1695,1695,3504
23,63,1695,1695,3504
23,63,1695,1695,3504
23,63,1695,1695,3504
23,63,1695,1695,3504
22,63,1695,1695,3504
22,63,1695,1695,3504
22,63,1695,1695,3504
22,63,1695,1695,3504
22,63,1695,1695,3504
22,63,1695,1695,3504
22,63,1695,1695,3504
22,63,1695,1695,3504
22,63,1695,1695,3504
22,63,1695,1695,3504
22,63,1695,1695,3504
22,63,1695,1695,3504
22,62,1695,1695,3504
22,62,1695,1695,3504
22,62,1695,1695,3504
22,62,1695,1695,3504
22,62,1695,1695,3504
22,62,1695,1695,3504
22,62,1695,1695,3504
22,62,1695,1695,3504
22,62,1695,1695,3504
22,62,1695,1695,3504
22,62,1695,1695,3504
22,62,1695,1695,3504
22,62,1695,1695,3504
22,62,1695,1695,3504
22,62,1695,1695,3504
22,62,1695,1695,3504
22,62,1695,1695,3504
22,62,1695,1695,3504
22,62,1695,1695,3504
22,62,1695,1695,3504
22,62,1695,1695,3504
22,62,1695,1695,3504
22,62,1695,1695,3504
22,62,1695,1695,3504
22,62,1695,1695,3504
22,62,1695,1695,3504
22,62,1695,1695,3504
22,62,1695,1695,3504
22,62,1695,1695,3504
22,62,1695,1695,3504
22,62,1695,1695,3504
22,62,1695,1695,3504
22,61,1695,1695,3504
22,61,1695,1695,3504
22,61,1695,1695,3504
22,61,1695,1695,3504
22,61,1695,1695,3504
22,61,1695,1695,3504
22,61,1695,1695,3504
22,61,1695,1695,3504
22,61,1695,1695,3504
22,61,1695,1695,3504
22,61,1695,1695,3504
22,61,1695,1695,3504
22,61,1695,1695,3504
22,61,1695,1695,3504
22,61,1695,1695,3504
22,61,1695,1695,3504
22,61,1695,1695,3504
22,61,1695,1695,3504
22,61,1695,1695,3504
22,61,1695,1695,3504
22,61,1695,1695,3504
22,61,1695,1695,3504
22,61,1695,1695,3504
22,61,1695,1695,3504
22,61,1695,1695,3504
22,61,1695,1695,3504
22,61,1695,1695,3504
22,61,1695,1695,3504
22,61,1695,1695,3504
22,61,1695,1695,3504
22,61,1695,1695,3504
22,61,1695,1695,3504
22,61,1695,1695,3504
22,61,1695,1695,3504
22,61,1695,1695,3504
22,61,1695,1695,3504
22,61,1695,1695,3504
22,61,1695,1695,3504
22,61,1695,1695,3504
22,61,1695,1695,3504
22,61,1695,1695,3504
22,61,1695,1695,3504
22,61,1695,1695,3504
22,61,1695,1695,3504
22,61,1695,1695,3504
22,61,1695,1695,3504
22,61,1695,1695,3504
22,61,1695,1695,3504
22,61,1695,1695,3504
22,61,1695,1695,3504
22,61,1695,1695,3504
22,61,1695,1695,3504
22,61,1695,1695,3504
22,61,1695,1695,3504
22,61,1695,1695,3504
22,61,1695,1695,3504
22,61,1695,1695,3504
22,61,1695,1695,3504
22,61,1695,1695,3504
22,61,1695,1695,3504
22,61,1695,1695,3504
22,61,1695,1695,3504
22,61,1695,1695,3504
22,61,1695,1695,3504
22,61,1695,1695,3504
22,61,1695,1695,3504
22,61,1695,1695,3504
22,61,1695,1695,3504
22,61,1695,1695,3504
22,61,1695,1695,3504
22,60,1695,1695,3504
22,60,1695,1695,3504
22,60,1695,1695,3504
22,60,1695,1695,3504
22,60,1695,1695,3504
22,60,1695,1695,3504
22,60,1695,1695,3504
22,60,1695,1695,3504
22,60,1695,1695,3504
22,60,1695,1695,3504
22,60,1695,1695,3504
22,60,1695,1695,3504
22,60,1695,1695,3504
22,60,1695,1695,3504
22,60,1695,1695,3504
22,60,1695,1695,3504
22,60,1695,1695,3504
22,60,1695,1695,3504
22,60,1695,1695,3504
22,60,1695,1695,3504
22,60,1695,1695,3504
22,60,1695,1695,3504
22,60,1695,1695,3504
22,60,1695,1695,3504
22,60,1695,1695,3504
22,60,1695,1695,3504
22,60,1695,1695,3504
22,60,1695,1695,3504
22,60,1695,1695,3504
22,60,1695,1695,3504
22,60,1695,1695,3504
22,60,1695,1695,3504
22,60,1695,1695,3504
22,60,1695,1695,3504
22,60,1695,1695,3504
22,60,1695,1695,3504
22,60,1695,1695,3504
22,60,1695,1695,3504
22,60,1695,1695,3504
22,60,1695,1695,3504
22,60,1695,1695,3504
22,60,1695,1695,3504
22,60,1695,1695,3504
22,60,1695,1695,3504
22,60,1695,1695,3504
22,60,1695,1695,3504
22,60,1695,1695,3504
22,60,1695,1695,3504
22,60,1695,1695,3504
22,60,1695,1695,3504
22,60,1695,1695,3504
22,60,1695,1695,3504
22,60,1695,1695,3504
22,60,1695,1695,3504
22,60,1695,1695,3504
22,60,1695,1695,3504
22,60,1695,1695,3504
22,60,1695,1695,3504
22,60,1695,1695,3504
22,60,1695,1695,3504
22,60,1695,1695,3504
22,60,1695,1695,3504
22,60,1695,1695,3504
22,60,1695,1695,3504
22,60,1695,1695,3504
22,59,1695,1695,3504
22,59,1695,1695,3504
22,59,1695,1695,3504
22,59,1695,1695,3504
22,59,1695,1695,3504
22,59,1695,1695,3504
22,59,1695,1695,3504
22,59,1695,1695,3504
22,59,1695,1695,3504
22,59,1695,1695,3504
22,59,1695,1695,3504
22,59,1695,169