4,21,139,139,405
4,21,139,139,405
4,21,139,139,405
4,21,1290,1290,3504
4,21,1290,1290,3504
4,21,1290,1290,3504
4,21,1290,1290,3504
4,21,1290,1290,3504
4,22,1290,1290,3504
4,22,1290,1290,3504
4,22,1290,1290,3504
11,23,1290,1290,3504
11,23,1290,1290,3504
11,23,1290,1290,3504
11,23,1290,1290,3504
11,23,1290,1290,3504
11,24,1290,1290,3504
11,24,1290,1290,3504
16,24,1290,1290,3504
16,24,1290,1290,3504
16,24,1290,1290,3504
16,25,1290,1290,3504
16,25,1290,1290,3504
16,25,1290,1290,3504
21,25,1290,1290,3504
21,26,1430,1430,3504
21,26,1430,1430,3504
21,26,1430,1430,3504
21,26,1430,1430,3504
21,26,1430,1430,3504
21,26,1430,1430,3504
21,27,1430,1430,3504
22,27,1430,1430,3504
22,27,1430,1430,3504
22,28,1430,1430,3504
22,28,1430,1430,3504
22,28,1430,1430,3504
22,28,1430,1430,3504
22,28,1430,1430,3504
22,28,1430,1430,3504
22,28,1430,1430,3504
22,29,1430,1430,3504
22,29,1430,1430,3504
22,29,1582,1582,3504
22,29,1582,1582,3504
22,29,1582,1582,3504
22,29,1582,1582,3504
24,30,1582,1582,3504
24,30,1582,1582,3504
24,30,1582,1582,3504
24,31,1582,1582,3504
24,31,1582,1582,3504
24,31,1582,1582,3504
24,31,1582,1582,3504
24,32,1582,1582,3504
24,32,1582,1582,3504
24,32,1582,1582,3504
24,32,1582,1582,3504
24,32,1582,1582,3504
24,33,1582,1582,3504
24,33,1746,1746,3504
26,33,1746,1746,3504
26,34,1746,1746,3504
26,35,1746,1746,3504
26,35,1746,1746,3504
27,36,1746,1746,3504
27,36,1746,1746,3504
27,36,1746,1746,3504
27,37,1746,1746,3504
27,37,1746,1746,3504
27,37,1746,1746,3504
27,38,1746,1746,3504
31,38,1746,1746,3504
31,38,1771,1771,3504
31,38,1771,1771,3504
31,38,1771,1771,3504
31,39,1771,1771,3504
31,39,1771,1771,3504
32,39,1771,1771,3504
32,40,1771,1771,3504
32,41,1771,1771,3504
32,41,1771,1771,3504
32,41,1771,1771,3504
33,41,1771,1771,3504
33,41,1771,1771,3504
33,41,1771,1771,3504
33,42,1771,1771,3504
33,42,1771,1771,3504
33,42,1771,1771,3504
33,43,1771,1771,3504
33,43,1771,1771,3504
33,43,1771,1771,3504
33,43,1771,1771,3504
33,43,1771,1771,3504
33,43,1771,1771,3504
33,44,1771,1771,3504
33,44,1771,1771,3504
33,44,1771,1771,3504
33,45,1771,1771,3504
33,45,1771,1771,3504
33,45,1771,1771,3504
33,45,1771,1771,3504
33,45,1771,1771,3504
33,45,1771,1771,3504
33,46,1771,1771,3504
33,46,1771,1771,3504
33,46,1771,1771,3504
33,46,1771,1771,3504
33,46,1771,1771,3504
33,46,1771,1771,3504
33,47,1771,1771,3504
34,47,1771,1771,3504
34,47,1771,1771,3504
34,47,1771,1771,3504
34,47,1771,1771,3504
34,47,1771,1771,3504
34,48,1771,1759,3504
34,48,1759,1759,3504
34,48,1759,1759,3504
34,49,1759,1759,3504
34,49,1759,1759,3504
34,49,1759,1759,3504
34,49,1759,1759,3504
34,49,1759,1759,3504
34,49,1759,1759,3504
34,49,1759,1759,3504
34,50,1759,1759,3504
34,50,1759,1759,3504
34,50,1759,1759,3504
34,50,1759,1759,3504
34,50,1759,1759,3504
34,50,1759,1759,3504
34,51,1759,1759,3504
34,51,1759,1759,3504
34,51,1759,1759,3504
34,51,1759,1759,3504
34,51,1759,1759,3504
34,51,1759,1759,3504
34,51,1759,1759,3504
34,52,1759,1759,3504
34,52,1759,1759,3504
34,52,1759,1759,3504
34,52,1759,1759,3504
34,52,1759,1759,3504
34,52,1759,1759,3504
34,52,1759,1759,3504
34,52,1759,1759,3504
34,52,1759,1759,3504
34,52,1759,1759,3504
34,53,1759,1759,3504
34,53,1759,1759,3504
34,53,1759,1759,3504
34,53,1759,1759,3504
34,53,1759,1759,3504
34,53,1759,1759,3504
34,53,1759,1759,3504
34,54,1759,1759,3504
34,54,1759,1759,3504
34,54,1759,1746,3504
34,54,1746,1746,3504
34,54,1746,1746,3504
34,54,1746,1746,3504
34,54,1746,1746,3504
34,55,1746,1746,3504
34,55,1746,1746,3504
34,55,1746,1746,3504
34,55,1746,1746,3504
34,55,1746,1746,3504
34,55,1746,1746,3504
34,55,1746,1746,3504
34,55,1746,1746,3504
34,55,1746,1746,3504
34,55,1746,1746,3504
34,56,1746,1746,3504
34,56,1746,1746,3504
34,56,1746,1746,3504
34,56,1746,1746,3504
34,56,1746,1746,3504
34,56,1746,1746,3504
34,56,1746,1746,3504
34,56,1746,1746,3504
34,56,1746,1746,3504
34,56,1746,1746,3504
34,57,1746,1746,3504
34,57,1746,1746,3504
34,57,1746,1746,3504
34,57,1746,1746,3504
34,57,1746,1746,3504
34,57,1746,1746,3504
34,57,1746,1746,3504
34,57,1746,1746,3504
34,57,1746,1746,3504
34,57,1746,1746,3504
34,58,1746,1746,3504
34,58,1746,1746,3504
34,58,1746,1746,3504
34,58,1746,1746,3504
34,58,1746,1746,3504
34,58,1746,1746,3504
34,58,1746,1746,3504
34,58,1746,1746,3504
34,58,1746,1746,3504
34,58,1746,1746,3504
34,58,1746,1746,3504
34,58,1746,1746,3504
34,58,1746,1746,3504
34,58,1746,1746,3504
34,58,1746,1746,3504
34,58,1746,1746,3504
34,58,1746,1746,3504
34,59,1746,1746,3504
34,59,1746,1746,3504
34,59,1746,1746,3504
34,59,1746,1746,3504
34,59,1746,1746,3504
34,59,1746,1746,3504
34,59,1746,1746,3504
34,59,1746,1746,3504
34,59,1746,1746,3504
34,59,1746,1746,3504
34,60,1746,1746,3504
34,60,1746,1746,3504
34,60,1746,1746,3504
34,60,1746,1746,3504
34,60,1746,1746,3504
34,60,1746,1746,3504
34,60,1746,1746,3504
34,60,1746,1746,3504
34,60,1746,1746,3504
34,60,1746,1746,3504
34,61,1746,1746,3504
34,61,1746,1746,3504
34,61,1746,1746,3504
34,61,1746,1746,3504
34,61,1746,1746,3504
34,61,1746,1746,3504
34,61,1746,1746,3504
34,61,1746,1746,3504
34,61,1746,1746,3504
34,61,1746,1746,3504
34,61,1746,1746,3504
34,61,1746,1746,3504
34,61,1746,1746,3504
34,61,1746,1746,3504
34,62,1746,1746,3504
34,62,1746,1746,3504
34,62,1746,1746,3504
34,62,1746,1746,3504
34,62,1746,1746,3504
34,62,1746,1746,3504
34,62,1746,1746,3504
34,62,1746,1746,3504
34,62,1746,1746,3504
34,62,1746,1746,3504
34,62,1746,1746,3504
34,62,1746,1746,3504
34,62,1746,1746,3504
34,62,1746,1746,3504
34,62,1746,1746,3504
34,62,1746,1746,3504
35,63,1746,1746,3504
35,63,1746,1746,3504
35,63,1746,1746,3504
35,63,1746,1746,3504
35,63,1746,1746,3504
35,63,1746,1746,3504
35,63,1746,1746,3504
35,63,1746,1746,3504
35,63,1746,1746,3504
35,63,1746,1746,3504
35,63,1746,1746,3504
35,63,1746,1746,3504
35,63,1746,1746,3504
35,63,1746,1746,3504
35,64,1746,1746,3504
35,64,1746,1746,3504
35,64,1746,1746,3504
35,64,1746,1746,3504
35,64,1746,1746,3504
35,64,1746,1746,3504
35,64,1746,1746,3504
35,64,1746,1746,3504
35,64,1746,1746,3504
35,64,1746,1746,3504
35,64,1746,1746,3504
35,64,1746,1746,3504
35,64,1746,1746,3504
35,64,1746,1746,3504
35,64,1746,1746,3504
35,64,1746,1746,3504
35,64,1746,1746,3504
35,64,1746,1746,3504
35,64,1746,1746,3504
35,64,1746,1746,3504
35,65,1746,1746,3504
35,65,1746,1746,3504
35,65,1746,1746,3504
35,65,1746,1746,3504
35,65,1746,1746,3504
35,65,1746,1746,3504
35,65,1746,1746,3504
35,65,1746,1746,3504
35,65,1746,1746,3504
35,65,1746,1746,3504
35,65,1746,1746,3504
35,65,1746,1746,3504
35,65,1746,1746,3504
35,66,1746,1746,3504
35,66,1746,1746,3504
35,66,1746,1721,3504
35,66,1721,1721,3504
35,66,1721,1721,3504
35,66,1721,1721,3504
35,66,1721,1721,3504
35,66,1721,1721,3504
35,66,1721,1721,3504
35,66,1721,1721,3504
35,66,1721,1721,3504
35,66,1721,1721,3504
35,66,1721,1721,3504
34,66,1721,1721,3504
34,66,1721,1721,3504
34,66,1721,1721,3504
34,66,1721,1721,3504
34,66,1721,1721,3504
34,66,1721,1721,3504
34,66,1721,1721,3504
34,66,1721,1721,3504
34,66,1721,1721,3504
34,66,1721,1721,3504
34,66,1721,1721,3504
34,66,1721,1721,3504
34,66,1721,1721,3504
34,66,1721,1721,3504
34,66,1721,1721,3504
34,66,1721,1721,3504
34,66,1721,1721,3504
34,66,1721,1721,3504
34,67,1721,1721,3504
34,67,1721,1721,3504
34,67,1721,1721,3504
34,67,1721,1721,3504
34,67,1721,1721,3504
34,67,1721,1721,3504
34,67,1721,1721,3504
34,67,1721,1721,3504
34,67,1721,1721,3504
34,67,1721,1721,3504
34,67,1721,1721,3504
34,67,1721,1721,3504
34,67,1721,1721,3504
34,67,1721,1721,3504
34,67,1721,1721,3504
34,67,1721,1721,3504
34,67,1721,1721,3504
34,67,1721,1721,3504
34,67,1721,1721,3504
34,67,1721,1721,3504
34,67,1721,1721,3504
34,67,1721,1721,3504
34,68,1721,1721,3504
34,68,1721,1721,3504
34,68,1721,1721,3504
34,68,1721,1721,3504
34,68,1721,1721,3504
34,68,1721,1721,3504
34,68,1721,1721,3504
34,68,1721,1721,3504
34,68,1721,1721,3504
34,68,1721,1721,3504
34,68,1721,1721,3504
34,68,1721,1721,3504
34,68,1721,1721,3504
34,68,1721,1721,3504
34,68,1721,1721,3504
34,68,1721,1721,3504
34,68,1721,1721,3504
34,68,1721,1721,3504
34,68,1721,1721,3504
34,68,1721,1721,3504
34,68,1721,1721,3504
34,68,1721,1721,3504
34,68,1721,1721,3504
34,69,1721,1721,3504
34,69,1721,1721,3504
34,69,1721,1721,3504
34,69,1721,1721,3504
34,69,1721,1721,3504
34,69,1721,1721,3504
34,69,1721,1721,3504
34,69,1721,1721,3504
34,69,1721,1721,3504
34,69,1721,1721,3504
34,69,1721,1721,3504
34,69,1721,1721,3504
34,69,1721,1721,3504
34,69,1721,1721,3504
34,69,1721,1721,3504
34,69,1721,1721,3504
34,69,1721,1721,3504
34,69,1721,1721,3504
34,69,1721,1721,3504
34,69,1721,1721,3504
34,69,1721,1721,3504
34,69,1721,1721,3504
34,70,1721,1721,3504
34,70,1721,1721,3504
34,70,1721,1721,3504
34,70,1721,1721,3504
34,70,1721,1721,3504
34,70,1721,1721,3504
34,70,1721,1721,3504
34,70,1721,1721,3504
34,70,1721,1721,3504
34,70,1721,1721,3504
34,70,1721,1721,3504
34,70,1721,1721,3504
34,70,1721,1721,3504
34,70,1721,1721,3504
34,70,1721,1721,3504
34,70,1721,1721,3504
34,70,1721,1721,3504
34,70,1721,1721,3504
34,70,1721,1721,3504
34,70,1721,1721,3504
34,70,1721,1721,3504
34,70,1721,1721,3504
34,70,1721,1721,3504
34,70,1721,1721,3504
34,70,1721,1721,3504
34,71,1721,1721,3504
34,71,1721,1721,3504
34,71,1721,1721,3504
34,71,1721,1721,3504
34,71,1721,1721,3504
34,71,1721,1721,3504
34,71,1721,1721,3504
34,71,1721,1721,3504
34,71,1721,1721,3504
34,71,1721,1721,3504
34,71,1721,1721,3504
34,71,1721,1721,3504
34,71,1721,1721,3504
34,71,1721,1721,3504
34,71,1721,1721,3504
34,71,1721,1721,3504
34,71,1721,1721,3504
34,71,1721,1721,3504
34,71,1721,1721,3504
34,71,1721,1721,3504
34,72,1721,1721,3504
34,72,1721,1721,3504
34,72,1721,1721,3504
34,72,1721,1721,3504
34,72,1721,1721,3504
34,72,1721,1721,3504
35,72,1721,1721,3504
35,72,1721,1721,3504
35,72,1721,1721,3504
35,72,1721,1721,3504
35,72,1721,1721,3504
35,72,1721,1721,3504
35,72,1721,1721,3504
35,72,1721,1721,3504
35,72,1721,1721,3504
35,72,1721,1721,3504
35,72,1721,1721,3504
35,73,1721,1721,3504
35,73,1721,1721,3504
35,73,1721,1721,3504
35,73,1721,1721,3504
35,73,1721,1721,3504
35,73,1721,1721,3504
35,73,1721,1721,3504
35,73,1721,1721,3504
35,73,1721,1721,3504
35,73,1721,1721,3504
35,73,1721,1721,3504
35,73,1721,1721,3504
35,73,1721,1721,3504
35,73,1721,1721,3504
35,73,1721,1721,3504
35,73,1721,1721,3504
35,73,1721,1721,3504
35,73,1721,1721,3504
35,73,1721,1721,3504
35,73,1721,1721,3504
35,74,1721,1721,3504
35,74,1721,1721,3504
35,74,1721,1721,3504
35,74,1721,1721,3504
35,74,1721,1721,3504
35,74,1721,1721,3504
35,74,1721,1721,3504
35,74,1721,1721,3504
35,74,1721,1721,3504
35,74,1721,1721,3504
35,74,1721,1721,3504
35,74,1721,1721,3504
35,74,1721,1721,3504
35,74,1721,1721,3504
35,74,1721,1721,3504
35,74,1721,1721,3504
35,74,1721,1721,3504
35,74,1721,1721,3504
35,74,1721,1721,3504
35,74,1721,1721,3504
35,74,1721,1721,3504
35,74,1721,1721,3504
36,74,1721,1721,3504
36,75,1721,1721,3504
36,75,1721,1721,3504
36,75,1721,1721,3504
36,75,1721,1721,3504
36,75,1721,1721,3504
36,75,1721,1721,3504
36,75,1721,1721,3504
36,75,1721,1721,3504
36,75,1721,1721,3504
36,75,1721,1721,3504
36,75,1721,1721,3504
36,75,1721,1721,3504
36,75,1721,1721,3504
36,75,1721,1721,3504
36,75,1721,1721,3504
36,75,1721,1721,3504
36,75,1721,1721,3504
36,75,1721,1721,3504
36,75,1721,1721,3504
36,75,1721,1721,3504
36,75,1721,1721,3504
36,75,1721,1721,3504
36,76,1721,1721,3504
36,76,1721,1721,3504
36,76,1721,1721,3504
36,76,1721,1721,3504
36,76,1721,1721,3504
36,76,1721,1721,3504
36,76,1721,1721,3504
36,76,1721,1721,3504
36,76,1721,1721,3504
36,76,1721,1721,3504
36,76,1721,1721,3504
36,76,1721,1721,3504
36,76,1721,1721,3504
36,76,1721,1721,3504
36,76,1721,1721,3504
36,76,1721,1721,3504
36,76,1721,1721,3504
36,76,1721,1721,3504
36,76,1721,1721,3504
36,76,1721,1721,3504
36,76,1721,1721,3504
36,76,1721,1721,3504
36,76,1721,1721,3504
36,76,1721,1695,3504
36,77,1695,1695,3504
36,77,1695,1695,3504
36,77,1695,1695,3504
36,77,1695,1695,3504
36,77,1695,1695,3504
36,77,1695,1695,3504
36,77,1695,1695,3504
36,77,1695,1695,3504
36,77,1695,1695,3504
36,77,1695,1695,3504
36,77,1695,1695,3504
36,77,1695,1695,3504
36,77,1695,1695,3504
36,77,1695,1695,3504
36,77,1695,1695,3504
36,77,1695,1695,3504
36,77,1695,1695,3504
35,77,1695,1695,3504
35,77,1695,1695,3504
35,77,1695,1695,3504
35,77,1695,1695,3504
35,77,1695,1695,3504
35,77,1695,1695,3504
35,77,1695,1695,3504
35,77,1695,1695,3504
35,77,1695,1695,3504
35,77,1695,1695,3504
35,77,1695,1695,3504
35,77,1695,1695,3504
35,77,1695,1695,3504
35,77,1695,1695,3504
35,77,1695,1695,3504
35,77,1695,1695,3504
35,77,1695,1695,3504
35,77,1695,1695,3504
35,77,1695,1695,3504
35,77,1695,1695,3504
35,77,1695,1695,3504
35,77,1695,1695,3504
35,77,1695,1695,3504
35,77,1695,1695,3504
35,77,1695,1695,3504
35,77,1695,1695,3504
35,77,1695,1695,3504
35,77,1695,1695,3504
35,77,1695,1695,3504
35,77,1695,1695,3504
35,77,1695,1695,3504
35,77,1695,1695,3504
35,78,1695,1695,3504
35,78,1695,1695,3504
35,78,1695,1695,3504
35,78,1695,1695,3504
35,77,1695,1695,3504
35,77,1695,1695,3504
35,77,1695,1695,3504
35,78,1695,1695,3504
35,78,1695,1695,3504
35,78,1695,1695,3504
35,78,1695,1695,3504
35,78,1695,1695,3504
35,78,1695,1695,3504
35,78,1695,1695,3504
35,78,1695,1695,3504
35,78,1695,1695,3504
35,78,1695,1695,3504
35,78,1695,1695,3504
35,78,1695,1695,3504
35,78,1695,1695,3504
35,78,1695,1695,3504
35,78,1695,1695,3504
35,78,1695,1695,3504
35,78,1695,1695,3504
35,78,1695,1695,3504
35,78,1695,1695,3504
35,78,1695,1695,3504
35,78,1695,1695,3504
35,78,1695,1695,3504
35,78,1695,1695,3504
35,78,1695,1695,3504
35,78,1695,1695,3504
34,78,1695,1695,3504
34,78,1695,1695,3504
34,77,1695,1695,3504
34,77,1695,1695,3504
34,77,1695,1695,3504
34,77,1695,1695,3504
34,77,1695,1695,3504
34,77,1695,1695,3504
34,76,1695,1695,3504
34,76,1695,1695,3504
34,76,1695,1695,3504
34,76,1695,1695,3504
31,76,1695,1695,3504
31,76,1695,1695,3504
31,76,1695,1695,3504
31,75,1695,1695,3504
29,75,1695,1695,3504
29,75,1695,1695,3504
29,75,1695,1695,3504
29,75,1695,1695,3504
29,75,1695,1695,3504
29,75,1695,1695,3504
29,74,1695,1695,3504
29,74,1695,1695,3504
29,74,1695,1695,3504
29,74,1695,1695,3504
29,74,1695,1695,3504
29,74,1695,1695,3504
27,74,1695,1695,3504
27,74,1695,1695,3504
27,74,1695,1695,3504
27,74,1695,1695,3504
27,73,1695,1695,3504
27,73,1695,1695,3504
27,73,1695,1695,3504
27,73,1695,1695,3504
27,73,1695,1695,3504
27,73,1695,1695,3504
27,73,1695,1695,3504
27,73,1695,1695,3504
27,73,1695,1695,3504
27,73,1695,1695,3504
27,73,1695,1695,3504
27,73,1695,1695,3504
27,73,1695,1695,3504
27,73,1695,1695,3504
27,73,1695,1695,3504
27,73,1695,1695,3504
27,72,1695,1695,3504
27,72,1695,1695,3504
27,72,1695,1695,3504
27,72,1695,1695,3504
27,72,1695,1695,3504
27,72,1695,1695,3504
27,72,1695,1695,3504
27,72,1695,1695,3504
27,72,1695,1695,3504
27,72,1695,1695,3504
27,72,1695,1695,3504
27,72,1695,1695,3504
27,72,1695,1695,3504
27,72,1695,1695,3504
27,72,1695,1695,3504
27,72,1695,1695,3504
27,71,1695,1695,3504
27,71,1695,1695,3504
27,71,1695,1695,3504
27,71,1695,1695,3504
27,70,1695,1695,3504
27,70,1695,1695,3504
27,70,1695,1695,3504
25,70,1695,1695,3504
25,70,1695,1695,3504
25,70,1695,1695,3504
24,70,1695,1695,3504
24,70,1695,1695,3504
24,69,1695,1695,3504
24,69,1695,1695,3504
24,69,1695,1695,3504
24,69,1695,1695,3504
24,69,1695,1695,3504
24,69,1695,1695,3504
24,69,1695,1695,3504
24,69,1695,1695,3504
23,68,1695,1695,3504
23,68,1695,1695,3504
23,68,1695,1695,3504
23,68,1695,1695,3504
23,68,1695,1695,3504
23,68,1695,1695,3504
23,68,1695,1695,3504
23,68,1695,1695,3504
23,68,1695,1695,3504
23,68,1695,1695,3504
23,68,1695,1695,3504
23,67,1695,1695,3504
23,67,1695,1695,3504
23,67,1695,1695,3504
23,67,1695,1695,3504
23,67,1695,1695,3504
23,67,1695,1695,3504
23,67,1695,1695,3504
23,67,1695,1695,3504
23,67,1695,1695,3504
23,67,1695,1695,3504
23,67,1695,1695,3504
23,67,1695,1695,3504
23,67,1695,1695,3504
23,67,1695,1695,3504
23,67,1695,1695,3504
23,66,1695,1695,3504
23,66,1695,1695,3504
23,66,1695,1695,3504
23,66,1695,1695,3504
23,66,1695,1695,3504
23,66,1695,1695,3504
23,66,1695,1695,3504
23,66,1695,1695,3504
23,66,1695,1695,3504
23,66,1695,1695,3504
23,66,1695,1695,3504
23,66,1695,1695,3504
23,65,1695,1695,3504
23,65,1695,1695,3504
23,65,1695,1695,3504
23,65,1695,1695,3504
23,65,1695,1695,3504
23,65,1695,1695,3504
23,65,1695,1695,3504
23,65,1695,1695,3504
23,65,1695,1695,3504
23,65,1695,1695,3504
23,65,1695,1695,3504
23,65,1695,1695,3504
23,65,1695,1695,3504
23,65,1695,1695,3504
23,65,1695,1695,3504
23,65,1695,1695,3504
23,65,1695,1695,3504
23,65,1695,1695,3504
23,65,1695,1695,3504
23,65,1695,1695,3504
23,65,1695,1695,3504
23,64,1695,1695,3504
23,64,1695,1695,3504
23,64,1695,1695,3504
23,64,1695,1695,3504
23,64,1695,1695,3504
23,64,1695,1695,3504
23,64,1695,1695,3504
23,64,1695,1695,3504
23,64,1695,1695,3504
23,64,1695,1695,3504
23,64,1695,1695,3504
23,64,1695,1695,3504
23,64,1695,1695,3504
23,64,1695,1695,3504
23,64,1695,1695,3504
23,64,1695,1695,3504
23,64,1695,1695,3504
23,64,1695,1695,3504
23,64,1695,1695,3504
23,64,1695,1695,3504
23,64,1695,1695,3504
23,64,1695,1695,3504
23,64,1695,1695,3504
23,64,1695,1695,3504
23,64,1695,1695,3504
23,64,1695,1695,3504
23,63,1695,1695,3504
23,63,1695,1695,3504
23,63,1695,1695,3504
23,63,1695,1695,3504
23,63,1695,1695,3504
23,63,1695,1695,3504
23,63,1695,1695,3504
23,63,1695,1695,3504
23,63,1695,1695,3504
23,63,1695,1695,3504
23,63,1695,1695,3504
23,63,1695,1695,3504
22,63,1695,1695,3504
22,63,1695,1695,3504
22,63,1695,1695,3504
22,63,1695,1695,3504
22,62,1695,1695,3504
22,62,1695,1695,3504
22,62,1695,1695,3504
22,62,1695,1695,3504
22,62,1695,1695,3504
22,62,1695,1695,3504
22,62,1695,1695,3504
22,62,1695,1695,3504
22,62,1695,1695,3504
22,62,1695,1695,3504
22,62,1695,1695,3504
22,62,1695,1695,3504
22,62,1695,1695,3504
22,62,1695,1695,3504
22,62,1695,1695,3504
22,62,1695,1695,3504
22,62,1695,1695,3504
22,62,1695,1695,3504
22,62,1695,1695,3504
22,62,1695,1695,3504
22,62,1695,1695,3504
22,62,1695,1695,3504
22,62,1695,1695,3504
22,62,1695,1695,3504
22,62,1695,1695,3504
22,62,1695,1695,3504
22,62,1695,1695,3504
22,62,1695,1695,3504
22,62,1695,1695,3504
22,62,1695,1695,3504
22,62,1695,1695,3504
22,62,1695,1695,3504
22,62,1695,1695,3504
22,62,1695,1695,3504
22,62,1695,1695,3504
22,61,1695,1695,3504
22,61,1695,1695,3504
22,61,1695,1695,3504
22,61,1695,1695,3504
22,61,1695,1695,3504
22,61,1695,1695,3504
22,61,1695,1695,3504
22,61,1695,1695,3504
22,61,1695,1695,3504
22,61,1695,1695,3504
22,61,1695,1695,3504
22,61,1695,1695,3504
22,61,1695,1695,3504
22,61,1695,1695,3504
22,61,1695,1695,3504
22,61,1695,1695,3504
22,61,1695,1695,3504
22,61,1695,1695,3504
22,61,1695,1695,3504
22,61,1695,1695,3504
22,61,1695,1695,3504
22,61,1695,1695,3504
22,61,1695,1695,3504
22,61,1695,1695,3504
22,61,1695,1695,3504
22,61,1695,1695,3504
22,61,1695,1695,3504
22,61,1695,1695,3504
22,61,1695,1695,3504
22,61,1695,1695,3504
22,61,1695,1695,3504
22,61,1695,1695,3504
22,61,1695,1695,3504
22,61,1695,1695,3504
22,61,1695,1695,3504
22,61,1695,1695,3504
22,61,1695,1695,3504
22,61,1695,1695,3504
22,61,1695,1695,3504
22,61,1695,1695,3504
22,61,1695,1695,3504
22,61,1695,1695,3504
22,61,1695,1695,3504
22,60,1695,1695,3504
22,60,1695,1695,3504
22,60,1695,1695,3504
22,60,1695,1695,3504
22,60,1695,1695,3504
22,60,1695,1695,3504
22,60,1695,1695,3504
22,60,1695,1695,3504
22,60,1695,1695,3504
22,60,1695,1695,3504
22,60,1695,1695,3504
22,60,1695,1695,3504
22,60,1695,1695,3504
22,60,1695,1695,3504
22,60,1695,1695,3504
22,60,1695,1695,3504
22,60,1695,1695,3504
22,60,1695,1695,3504
22,60,1695,1695,3504
22,60,1695,1695,3504
22,60,1695,1695,3504
22,60,1695,1695,3504
22,60,1695,1695,3504
22,60,1695,1695,3504
22,60,1695,1695,3504
22,60,1695,1695,3504
22,60,1695,1695,3504
22,60,1695,1695,3504
22,60,1695,1695,3504
22,60,1695,1695,3504
22,60,1695,1695,3504
22,60,1695,1695,3504
22,60,1695,1695,3504
22,60,1695,1695,3504
22,60,1695,1695,3504
22,60,1695,1695,3504
22,60,1695,1695,3504
22,60,1695,1695,3504
22,60,1695,1695,3504
22,60,1695,1695,3504
22,60,1695,1695,3504
22,60,1695,1695,3504
22,60,1695,1695,3504
22,60,1695,1695,3504
22,60,1695,1695,3504
22,60,1695,1695,3504
22,60,1695,1695,3504
22,60,1695,1695,3504
22,60,1695,1695,3504
22,60,1695,1695,3504
22,60,1695,1695,3504
22,60,1695,1695,3504
22,59,1695,1695,3504
22,59,1695,1695,3504
22,59,1695,1695,3504
22,59,1695,1695,3504
22,59,1695,1695,3504
22,59,1695,1695,3504
22,59,1695,1695,3504
22,59,1695,1695,3504
22,59,1695,1695,3504
22,59,1695,1695,3504
22,59,1695,1695,3504
22,59,1695,1695,3504
22,59,1695,1695,3504
22,59,1695,1695,3504
22,59,1695,1695,3504
22,59,1695,1695,3504
22,59,1695,1695,3504
22,59,1695,1695,3504
22,59,1695,1695,3504
22,59,1695,1695,3504
22,59,1695,1695,3504
22,59,1695,1695,3504
22,59,1695,1695,3504
22,59,1695,1695,3504
22,5