4,19,139,139,405
4,19,139,139,405
4,19,139,139,405
4,19,1290,1290,3504
4,19,1290,1290,3504
4,19,1290,1290,3504
4,19,1290,1290,3504
8,19,1290,1290,3504
8,19,1290,1290,3504
8,19,1290,1290,3504
8,20,1290,1290,3504
8,20,1290,1290,3504
11,20,1290,1290,3504
11,21,1290,1290,3504
11,21,1290,1290,3504
11,21,1290,1290,3504
11,22,1290,1290,3504
11,22,1290,1290,3504
11,22,1290,1290,3504
11,22,1290,1290,3504
11,22,1290,1290,3504
11,22,1430,1430,3504
11,22,1430,1430,3504
19,23,1430,1430,3504
19,23,1430,1430,3504
19,23,1430,1430,3504
19,24,1430,1430,3504
19,24,1430,1430,3504
22,24,1430,1430,3504
22,24,1430,1430,3504
22,25,1430,1430,3504
22,25,1430,1430,3504
22,25,1430,1430,3504
22,25,1430,1430,3504
22,25,1430,1430,3504
22,25,1430,1430,3504
22,26,1430,1430,3504
22,26,1430,1430,3504
22,26,1430,1430,3504
22,26,1430,1430,3504
22,27,1582,1582,3504
22,27,1582,1582,3504
22,27,1582,1582,3504
22,28,1582,1582,3504
24,28,1582,1582,3504
24,28,1582,1582,3504
24,29,1582,1582,3504
24,29,1582,1582,3504
24,29,1582,1582,3504
24,29,1582,1582,3504
24,29,1582,1582,3504
24,29,1582,1582,3504
24,30,1582,1582,3504
25,30,1582,1582,3504
25,30,1582,1582,3504
25,31,1582,1582,3504
25,31,1582,1582,3504
25,31,1746,1746,3504
27,32,1746,1746,3504
27,32,1746,1746,3504
27,32,1746,1746,3504
27,32,1746,1746,3504
27,33,1746,1746,3504
27,33,1746,1746,3504
27,33,1746,1746,3504
27,34,1746,1746,3504
27,34,1746,1746,3504
27,34,1746,1746,3504
27,35,1746,1746,3504
28,35,1746,1746,3504
28,36,1746,1746,3504
28,36,1746,1746,3504
28,36,1746,1746,3504
32,36,1746,1746,3504
32,36,1771,1771,3504
32,36,1771,1771,3504
32,36,1771,1771,3504
32,37,1771,1771,3504
32,37,1771,1771,3504
32,37,1771,1771,3504
32,38,1771,1771,3504
32,38,1771,1771,3504
32,38,1771,1771,3504
32,39,1771,1771,3504
32,39,1771,1771,3504
32,39,1771,1771,3504
32,40,1771,1771,3504
33,40,1771,1771,3504
33,40,1771,1771,3504
33,40,1771,1771,3504
33,40,1771,1771,3504
33,40,1771,1771,3504
33,41,1771,1771,3504
33,41,1771,1771,3504
33,41,1771,1771,3504
33,42,1771,1771,3504
33,42,1771,1771,3504
33,42,1771,1771,3504
33,42,1771,1771,3504
33,42,1771,1771,3504
33,42,1771,1771,3504
34,43,1771,1771,3504
34,43,1771,1771,3504
34,43,1771,1771,3504
34,43,1771,1771,3504
34,43,1771,1771,3504
34,43,1771,1771,3504
34,44,1771,1771,3504
34,44,1771,1759,3504
34,45,1759,1759,3504
34,45,1759,1759,3504
34,45,1759,1759,3504
34,45,1759,1759,3504
34,45,1759,1759,3504
34,46,1759,1759,3504
34,46,1759,1759,3504
34,46,1759,1759,3504
34,46,1759,1759,3504
34,46,1759,1759,3504
34,47,1759,1759,3504
34,47,1759,1759,3504
34,47,1759,1759,3504
34,47,1759,1759,3504
34,47,1759,1759,3504
34,47,1759,1759,3504
34,48,1759,1759,3504
34,48,1759,1759,3504
34,48,1759,1759,3504
34,48,1759,1759,3504
34,48,1759,1759,3504
34,49,1759,1759,3504
34,49,1759,1759,3504
34,49,1759,1759,3504
34,49,1759,1759,3504
34,49,1759,1759,3504
34,49,1759,1759,3504
34,50,1759,1759,3504
34,50,1759,1759,3504
34,50,1759,1759,3504
34,50,1759,1759,3504
34,50,1759,1759,3504
34,50,1759,1759,3504
34,51,1759,1759,3504
34,51,1759,1759,3504
34,51,1759,1759,3504
34,51,1759,1759,3504
34,52,1759,1759,3504
34,52,1759,1759,3504
34,52,1759,1759,3504
34,52,1759,1759,3504
34,52,1759,1759,3504
34,52,1759,1759,3504
35,52,1759,1759,3504
35,52,1759,1759,3504
35,52,1759,1759,3504
35,53,1759,1759,3504
35,53,1759,1759,3504
35,53,1759,1759,3504
35,53,1759,1759,3504
35,53,1759,1759,3504
35,54,1759,1759,3504
35,54,1759,1759,3504
35,54,1759,1759,3504
35,54,1759,1759,3504
35,54,1759,1759,3504
35,54,1759,1759,3504
35,54,1759,1759,3504
35,54,1759,1759,3504
35,54,1759,1759,3504
35,55,1759,1759,3504
35,55,1759,1759,3504
35,55,1759,1759,3504
35,55,1759,1759,3504
35,55,1759,1759,3504
35,55,1759,1759,3504
35,55,1759,1759,3504
35,55,1759,1759,3504
35,56,1759,1759,3504
35,56,1759,1759,3504
35,56,1759,1759,3504
35,56,1759,1759,3504
35,56,1759,1746,3504
35,57,1746,1746,3504
35,57,1746,1746,3504
35,57,1746,1746,3504
35,57,1746,1746,3504
35,57,1746,1746,3504
35,57,1746,1746,3504
35,57,1746,1746,3504
35,57,1746,1746,3504
35,58,1746,1746,3504
35,58,1746,1746,3504
35,58,1746,1746,3504
35,58,1746,1746,3504
35,58,1746,1746,3504
35,58,1746,1746,3504
35,58,1746,1746,3504
35,58,1746,1746,3504
35,58,1746,1746,3504
35,58,1746,1746,3504
35,58,1746,1746,3504
35,58,1746,1746,3504
35,59,1746,1746,3504
35,59,1746,1746,3504
35,59,1746,1746,3504
35,59,1746,1746,3504
35,59,1746,1746,3504
35,59,1746,1746,3504
35,59,1746,1746,3504
35,59,1746,1746,3504
35,59,1746,1746,3504
35,59,1746,1746,3504
35,59,1746,1746,3504
35,60,1746,1746,3504
35,60,1746,1746,3504
35,60,1746,1746,3504
35,60,1746,1746,3504
35,60,1746,1746,3504
35,60,1746,1746,3504
35,60,1746,1746,3504
35,60,1746,1746,3504
35,61,1746,1746,3504
35,61,1746,1746,3504
35,61,1746,1746,3504
35,61,1746,1746,3504
35,61,1746,1746,3504
35,61,1746,1746,3504
35,61,1746,1746,3504
35,61,1746,1746,3504
35,61,1746,1746,3504
35,61,1746,1746,3504
35,61,1746,1746,3504
35,62,1746,1746,3504
35,62,1746,1746,3504
35,62,1746,1746,3504
35,62,1746,1746,3504
35,62,1746,1733,3504
35,62,1733,1733,3504
35,62,1733,1733,3504
35,62,1733,1733,3504
35,62,1733,1733,3504
35,62,1733,1733,3504
35,62,1733,1733,3504
35,62,1733,1733,3504
35,62,1733,1733,3504
35,63,1733,1733,3504
35,63,1733,1733,3504
35,63,1733,1733,3504
35,63,1733,1733,3504
35,63,1733,1733,3504
35,63,1733,1733,3504
35,63,1733,1733,3504
35,63,1733,1733,3504
35,63,1733,1733,3504
35,63,1733,1733,3504
35,63,1733,1733,3504
35,63,1733,1733,3504
35,63,1733,1733,3504
35,63,1733,1733,3504
35,64,1733,1733,3504
35,64,1733,1733,3504
35,64,1733,1733,3504
35,64,1733,1733,3504
35,64,1733,1733,3504
35,64,1733,1733,3504
35,64,1733,1733,3504
35,64,1733,1733,3504
35,64,1733,1733,3504
35,64,1733,1733,3504
35,64,1733,1733,3504
35,64,1733,1733,3504
35,64,1733,1733,3504
35,64,1733,1733,3504
35,64,1733,1733,3504
35,64,1733,1733,3504
35,65,1733,1733,3504
35,65,1733,1733,3504
35,65,1733,1733,3504
35,65,1733,1733,3504
35,65,1733,1733,3504
35,65,1733,1733,3504
35,65,1733,1733,3504
35,65,1733,1733,3504
35,65,1733,1733,3504
35,65,1733,1733,3504
35,65,1733,1733,3504
35,65,1733,1733,3504
35,65,1733,1733,3504
35,65,1733,1733,3504
35,66,1733,1733,3504
35,66,1733,1733,3504
35,66,1733,1733,3504
35,66,1733,1733,3504
35,66,1733,1733,3504
36,66,1733,1733,3504
36,66,1733,1733,3504
36,66,1733,1733,3504
36,66,1733,1733,3504
36,66,1733,1733,3504
36,66,1733,1733,3504
36,66,1733,1733,3504
36,66,1733,1733,3504
36,66,1733,1733,3504
36,66,1733,1733,3504
36,66,1733,1733,3504
36,66,1733,1733,3504
36,67,1733,1733,3504
36,67,1733,1733,3504
36,67,1733,1733,3504
36,67,1733,1721,3504
36,67,1721,1721,3504
36,67,1721,1721,3504
36,67,1721,1721,3504
36,67,1721,1721,3504
36,67,1721,1721,3504
36,67,1721,1721,3504
36,67,1721,1721,3504
36,67,1721,1721,3504
36,67,1721,1721,3504
36,67,1721,1721,3504
36,67,1721,1721,3504
35,67,1721,1721,3504
35,67,1721,1721,3504
35,67,1721,1721,3504
35,67,1721,1721,3504
35,67,1721,1721,3504
35,67,1721,1721,3504
35,67,1721,1721,3504
35,67,1721,1721,3504
35,68,1721,1721,3504
35,68,1721,1721,3504
35,68,1721,1721,3504
35,68,1721,1721,3504
35,68,1721,1721,3504
35,68,1721,1721,3504
35,68,1721,1721,3504
35,68,1721,1721,3504
35,68,1721,1721,3504
35,68,1721,1721,3504
35,68,1721,1721,3504
35,68,1721,1721,3504
35,68,1721,1721,3504
35,68,1721,1721,3504
35,68,1721,1721,3504
35,68,1721,1721,3504
35,68,1721,1721,3504
35,68,1721,1721,3504
35,68,1721,1721,3504
35,68,1721,1721,3504
35,68,1721,1721,3504
35,68,1721,1721,3504
35,68,1721,1721,3504
35,68,1721,1721,3504
35,69,1721,1721,3504
35,69,1721,1721,3504
35,69,1721,1721,3504
35,69,1721,1721,3504
35,69,1721,1721,3504
35,69,1721,1721,3504
35,69,1721,1721,3504
35,69,1721,1721,3504
35,69,1721,1721,3504
35,69,1721,1721,3504
35,69,1721,1721,3504
35,69,1721,1721,3504
35,69,1721,1721,3504
35,69,1721,1721,3504
35,69,1721,1721,3504
35,69,1721,1721,3504
35,69,1721,1721,3504
35,69,1721,1721,3504
35,69,1721,1721,3504
35,69,1721,1721,3504
35,69,1721,1721,3504
35,69,1721,1721,3504
35,69,1721,1721,3504
35,70,1721,1721,3504
35,70,1721,1721,3504
35,70,1721,1721,3504
35,70,1721,1721,3504
35,70,1721,1721,3504
35,70,1721,1721,3504
35,70,1721,1721,3504
35,70,1721,1721,3504
35,70,1721,1721,3504
35,70,1721,1721,3504
35,70,1721,1721,3504
35,70,1721,1721,3504
35,70,1721,1721,3504
35,70,1721,1721,3504
35,70,1721,1721,3504
35,70,1721,1721,3504
35,70,1721,1721,3504
35,70,1721,1721,3504
35,70,1721,1721,3504
35,70,1721,1721,3504
35,70,1721,1721,3504
35,70,1721,1721,3504
35,70,1721,1721,3504
35,71,1721,1721,3504
35,71,1721,1721,3504
35,71,1721,1721,3504
35,71,1721,1721,3504
35,71,1721,1721,3504
35,71,1721,1721,3504
35,71,1721,1721,3504
35,71,1721,1721,3504
35,71,1721,1721,3504
35,71,1721,1721,3504
35,71,1721,1721,3504
35,71,1721,1721,3504
35,71,1721,1721,3504
35,71,1721,1721,3504
35,71,1721,1721,3504
35,71,1721,1721,3504
35,71,1721,1721,3504
35,71,1721,1721,3504
35,71,1721,1721,3504
35,71,1721,1721,3504
35,71,1721,1721,3504
35,71,1721,1721,3504
35,71,1721,1721,3504
35,71,1721,1721,3504
35,71,1721,1721,3504
35,71,1721,1721,3504
35,71,1721,1721,3504
35,72,1721,1721,3504
35,72,1721,1721,3504
35,72,1721,1721,3504
35,72,1721,1721,3504
35,72,1721,1721,3504
35,72,1721,1721,3504
35,72,1721,1721,3504
35,72,1721,1721,3504
35,72,1721,1721,3504
35,72,1721,1721,3504
35,72,1721,1721,3504
35,72,1721,1721,3504
35,72,1721,1721,3504
35,72,1721,1721,3504
35,72,1721,1708,3504
35,72,1708,1708,3504
35,72,1708,1708,3504
35,72,1708,1708,3504
35,72,1708,1708,3504
35,72,1708,1708,3504
35,72,1708,1708,3504
35,72,1708,1708,3504
35,72,1708,1708,3504
35,72,1708,1708,3504
35,72,1708,1708,3504
35,72,1708,1708,3504
35,72,1708,1708,3504
35,72,1708,1708,3504
35,72,1708,1708,3504
35,73,1708,1708,3504
35,73,1708,1708,3504
35,73,1708,1708,3504
35,73,1708,1708,3504
35,73,1708,1708,3504
35,73,1708,1708,3504
35,73,1708,1708,3504
35,73,1708,1708,3504
35,73,1708,1708,3504
35,73,1708,1708,3504
35,73,1708,1708,3504
35,73,1708,1708,3504
35,73,1708,1708,3504
35,73,1708,1708,3504
35,73,1708,1708,3504
35,73,1708,1708,3504
35,73,1708,1708,3504
35,73,1708,1708,3504
35,73,1708,1708,3504
35,73,1708,1708,3504
35,73,1708,1708,3504
36,73,1708,1708,3504
36,73,1708,1708,3504
36,73,1708,1708,3504
36,73,1708,1708,3504
36,74,1708,1708,3504
36,74,1708,1708,3504
36,74,1708,1708,3504
36,73,1708,1708,3504
36,73,1708,1708,3504
36,73,1708,1708,3504
36,74,1708,1708,3504
36,74,1708,1708,3504
36,74,1708,1708,3504
36,74,1708,1708,3504
36,74,1708,1708,3504
36,74,1708,1708,3504
36,74,1708,1708,3504
36,74,1708,1708,3504
36,74,1708,1708,3504
36,74,1708,1708,3504
36,74,1708,1708,3504
36,74,1708,1708,3504
36,74,1708,1708,3504
36,74,1708,1708,3504
36,74,1708,1708,3504
36,74,1708,1708,3504
36,74,1708,1708,3504
36,74,1708,1708,3504
36,74,1708,1708,3504
36,75,1708,1708,3504
36,75,1708,1708,3504
36,75,1708,1708,3504
36,75,1708,1708,3504
36,75,1708,1708,3504
36,75,1708,1708,3504
36,75,1708,1708,3504
36,75,1708,1708,3504
36,75,1708,1708,3504
36,75,1708,1708,3504
36,75,1708,1708,3504
36,75,1708,1708,3504
36,75,1708,1708,3504
36,75,1708,1708,3504
36,75,1708,1708,3504
36,75,1708,1708,3504
36,75,1708,1708,3504
36,75,1708,1708,3504
36,75,1708,1708,3504
36,75,1708,1708,3504
36,75,1708,1708,3504
36,75,1708,1708,3504
36,75,1708,1708,3504
36,76,1708,1708,3504
36,76,1708,1708,3504
36,76,1708,1708,3504
36,76,1708,1708,3504
36,76,1708,1708,3504
36,76,1708,1708,3504
36,76,1708,1708,3504
36,76,1708,1708,3504
36,76,1708,1708,3504
36,76,1708,1708,3504
36,76,1708,1708,3504
36,76,1708,1708,3504
36,76,1708,1708,3504
36,76,1708,1708,3504
36,76,1708,1708,3504
36,76,1708,1708,3504
36,76,1708,1708,3504
36,76,1708,1708,3504
36,76,1708,1708,3504
36,76,1708,1708,3504
36,76,1708,1708,3504
36,76,1708,1708,3504
36,76,1708,1708,3504
36,76,1708,1708,3504
36,77,1708,1708,3504
36,77,1708,1708,3504
36,77,1708,1708,3504
36,77,1708,1708,3504
36,77,1708,1708,3504
36,77,1708,1708,3504
36,77,1708,1708,3504
36,77,1708,1708,3504
36,77,1708,1708,3504
36,77,1708,1708,3504
36,77,1708,1708,3504
36,77,1708,1708,3504
36,77,1708,1708,3504
36,77,1708,1708,3504
36,77,1708,1708,3504
36,77,1708,1708,3504
36,77,1708,1708,3504
36,77,1708,1708,3504
36,77,1708,1708,3504
36,77,1708,1708,3504
36,77,1708,1708,3504
36,77,1708,1708,3504
36,77,1708,1708,3504
36,77,1708,1708,3504
36,77,1708,1708,3504
36,77,1708,1708,3504
36,77,1708,1695,3504
36,77,1695,1695,3504
36,78,1695,1695,3504
36,78,1695,1695,3504
36,78,1695,1695,3504
36,78,1695,1695,3504
36,78,1695,1695,3504
36,78,1695,1695,3504
36,78,1695,1695,3504
36,78,1695,1695,3504
36,78,1695,1695,3504
36,78,1695,1695,3504
36,78,1695,1695,3504
36,78,1695,1695,3504
36,78,1695,1695,3504
36,78,1695,1695,3504
36,78,1695,1695,3504
36,78,1695,1695,3504
36,78,1695,1695,3504
36,78,1695,1695,3504
36,78,1695,1695,3504
36,78,1695,1695,3504
36,78,1695,1695,3504
36,78,1695,1695,3504
36,78,1695,1695,3504
36,78,1695,1695,3504
36,78,1695,1695,3504
36,78,1695,1695,3504
36,78,1695,1695,3504
36,78,1695,1695,3504
36,78,1695,1695,3504
36,78,1695,1695,3504
36,78,1695,1695,3504
36,79,1695,1695,3504
36,79,1695,1695,3504
36,79,1695,1695,3504
36,79,1695,1695,3504
36,79,1695,1695,3504
36,79,1695,1695,3504
36,79,1695,1695,3504
36,79,1695,1695,3504
36,79,1695,1695,3504
36,79,1695,1695,3504
36,79,1695,1695,3504
36,79,1695,1695,3504
36,79,1695,1695,3504
36,79,1695,1695,3504
36,79,1695,1695,3504
36,79,1695,1695,3504
36,79,1695,1695,3504
36,79,1695,1695,3504
36,79,1695,1695,3504
36,79,1695,1695,3504
36,79,1695,1695,3504
36,79,1695,1695,3504
36,79,1695,1695,3504
36,79,1695,1695,3504
36,79,1695,1695,3504
36,79,1695,1695,3504
36,78,1695,1695,3504
36,78,1695,1695,3504
36,78,1695,1695,3504
36,78,1695,1695,3504
36,78,1695,1695,3504
34,78,1695,1695,3504
34,77,1695,1695,3504
34,77,1695,1695,3504
34,77,1695,1695,3504
34,76,1695,1695,3504
32,76,1695,1695,3504
32,76,1695,1695,3504
32,76,1695,1695,3504
32,76,1695,1695,3504
32,75,1695,1695,3504
32,75,1695,1695,3504
32,75,1695,1695,3504
28,75,1695,1695,3504
28,75,1695,1695,3504
28,75,1695,1695,3504
28,75,1695,1695,3504
28,75,1695,1695,3504
28,75,1695,1695,3504
27,74,1695,1695,3504
27,74,1695,1695,3504
27,74,1695,1695,3504
27,74,1695,1695,3504
27,74,1695,1695,3504
27,74,1695,1695,3504
27,74,1695,1695,3504
27,74,1695,1695,3504
27,74,1695,1695,3504
27,74,1695,1695,3504
27,74,1695,1695,3504
27,73,1695,1695,3504
27,73,1695,1695,3504
27,73,1695,1695,3504
27,73,1695,1695,3504
27,73,1695,1695,3504
27,73,1695,1695,3504
27,73,1695,1695,3504
27,73,1695,1695,3504
27,73,1695,1695,3504
27,73,1695,1695,3504
27,73,1695,1695,3504
27,72,1695,1695,3504
27,72,1695,1695,3504
27,72,1695,1695,3504
27,72,1695,1695,3504
27,72,1695,1695,3504
27,72,1695,1695,3504
27,72,1695,1695,3504
27,72,1695,1695,3504
27,71,1695,1695,3504
27,71,1695,1695,3504
27,71,1695,1695,3504
26,71,1695,1695,3504
26,71,1695,1695,3504
26,71,1695,1695,3504
26,70,1695,1695,3504
25,70,1695,1695,3504
25,70,1695,1695,3504
25,70,1695,1695,3504
25,70,1695,1695,3504
25,69,1695,1695,3504
25,69,1695,1695,3504
25,69,1695,1695,3504
23,69,1695,1695,3504
23,69,1695,1695,3504
23,69,1695,1695,3504
23,69,1695,1695,3504
23,69,1695,1695,3504
23,69,1695,1695,3504
23,69,1695,1695,3504
23,68,1695,1695,3504
23,68,1695,1695,3504
23,68,1695,1695,3504
23,68,1695,1695,3504
23,68,1695,1695,3504
23,68,1695,1695,3504
23,68,1695,1695,3504
23,68,1695,1695,3504
23,68,1695,1695,3504
23,68,1695,1695,3504
23,67,1695,1695,3504
23,67,1695,1695,3504
23,67,1695,1695,3504
23,67,1695,1695,3504
23,67,1695,1695,3504
23,67,1695,1695,3504
23,67,1695,1695,3504
23,67,1695,1695,3504
23,67,1695,1695,3504
23,67,1695,1695,3504
23,67,1695,1695,3504
23,67,1695,1695,3504
23,67,1695,1695,3504
23,66,1695,1695,3504
23,66,1695,1695,3504
23,66,1695,1695,3504
23,66,1695,1695,3504
23,66,1695,1695,3504
23,66,1695,1695,3504
23,66,1695,1695,3504
23,66,1695,1695,3504
23,66,1695,1695,3504
23,66,1695,1695,3504
23,65,1695,1695,3504
23,65,1695,1695,3504
23,66,1695,1695,3504
23,66,1695,1695,3504
23,66,1695,1695,3504
23,65,1695,1695,3504
23,65,1695,1695,3504
23,65,1695,1695,3504
23,65,1695,1695,3504
23,65,1695,1695,3504
23,65,1695,1695,3504
23,65,1695,1695,3504
23,65,1695,1695,3504
23,65,1695,1695,3504
23,65,1695,1695,3504
23,65,1695,1695,3504
23,65,1695,1695,3504
23,65,1695,1695,3504
23,65,1695,1695,3504
23,65,1695,1695,3504
23,65,1695,1695,3504
23,65,1695,1695,3504
23,64,1695,1695,3504
23,64,1695,1695,3504
23,64,1695,1695,3504
23,64,1695,1695,3504
23,64,1695,1695,3504
23,64,1695,1695,3504
23,64,1695,1695,3504
23,64,1695,1695,3504
23,64,1695,1695,3504
23,64,1695,1695,3504
23,64,1695,1695,3504
23,64,1695,1695,3504
23,64,1695,1695,3504
23,64,1695,1695,3504
23,64,1695,1695,3504
23,64,1695,1695,3504
23,64,1695,1695,3504
23,64,1695,1695,3504
23,64,1695,1695,3504
23,64,1695,1695,3504
23,63,1695,1695,3504
23,63,1695,1695,3504
23,63,1695,1695,3504
23,63,1695,1695,3504
23,63,1695,1695,3504
23,63,1695,1695,3504
23,63,1695,1695,3504
23,63,1695,1695,3504
23,63,1695,1695,3504
23,63,1695,1695,3504
23,63,1695,1695,3504
23,63,1695,1695,3504
23,63,1695,1695,3504
23,63,1695,1695,3504
23,63,1695,1695,3504
23,63,1695,1695,3504
23,63,1695,1695,3504
23,63,1695,1695,3504
23,63,1695,1695,3504
23,63,1695,1695,3504
23,63,1695,1695,3504
23,63,1695,1695,3504
23,63,1695,1695,3504
23,63,1695,1695,3504
23,63,1695,1695,3504
23,63,1695,1695,3504
23,63,1695,1695,3504
23,63,1695,1695,3504
23,63,1695,1695,3504
23,63,1695,1695,3504
23,63,1695,1695,3504
23,63,1695,1695,3504
23,63,1695,1695,3504
23,63,1695,1695,3504
23,63,1695,1695,3504
23,62,1695,1695,3504
23,62,1695,1695,3504
23,62,1695,1695,3504
23,62,1695,1695,3504
23,62,1695,1695,3504
23,62,1695,1695,3504
23,62,1695,1695,3504
23,62,1695,1695,3504
23,62,1695,1695,3504
23,62,1695,1695,3504
22,62,1695,1695,3504
22,62,1695,1695,3504
22,62,1695,1695,3504
22,62,1695,1695,3504
22,62,1695,1695,3504
22,62,1695,1695,3504
22,62,1695,1695,3504
22,62,1695,1695,3504
22,61,1695,1695,3504
22,61,1695,1695,3504
22,61,1695,1695,3504
22,61,1695,1695,3504
22,61,1695,1695,3504
22,61,1695,1695,3504
22,61,1695,1695,3504
22,61,1695,1695,3504
22,61,1695,1695,3504
22,61,1695,1695,3504
22,61,1695,1695,3504
22,61,1695,1695,3504
22,61,1695,1695,3504
22,61,1695,1695,3504
22,61,1695,1695,3504
22,61,1695,1695,3504
22,61,1695,1695,3504
22,61,1695,1695,3504
22,61,1695,1695,3504
22,61,1695,1695,3504
22,61,1695,1695,3504
22,61,1695,1695,3504
22,61,1695,1695,3504
22,61,1695,1695,3504
22,61,1695,1695,3504
22,61,1695,1695,3504
22,61,1695,1695,3504
22,61,1695,1695,3504
22,61,1695,1695,3504
22,61,1695,1695,3504
22,61,1695,1695,3504
22,61,1695,1695,3504
22,61,1695,1695,3504
22,61,1695,1695,3504
22,61,1695,1695,3504
22,61,1695,1695,3504
22,61,1695,1695,3504
22,60,1695,1695,3504
22,60,1695,1695,3504
22,60,1695,1695,3504
22,60,1695,1695,3504
22,60,1695,1695,3504
22,60,1695,1695,3504
22,60,1695,1695,3504
22,60,1695,1695,3504
22,60,1695,1695,3504
22,60,1695,1695,3504
22,60,1695,1695,3504
22,60,1695,1695,3504
22,60,1695,1695,3504
22,60,1695,1695,3504
22,60,1695,1695,3504
22,60,1695,1695,3504
22,60,1695,1695,3504
22,60,1695,1695,3504
22,60,1695,1695,3504
22,60,1695,1695,3504
22,60,1695,1695,3504
22,60,1695,1695,3504
22,60,1695,1695,3504
22,60,1695,1695,3504
22,60,1695,1695,3504
22,60,1695,1695,3504
22,60,1695,1695,3504
22,60,1695,1695,3504
22,60,1695,1695,3504
22,60,1695,1695,3504
22,60,1695,1695,3504
22,60,1695,1695,3504
22,60,1695,1695,3504
22,60,1695,1695,3504
22,60,1695,1695,3504
22,60,1695,1695,3504
22,60,1695,1695,3504
22,60,1695,1695,3504
22,60,1695,1695,3504
22,60,1695,1695,3504
22,60,1695,1695,3504
22,60,1695,1695,3504
22,60,1695,1695,3504
22,60,1695,1695,3504
22,60,1695,1695,3504
22,60,1695,1695,3504
22,60,1695,1695,3504
22,60,1695,1695,3504
22,60,1695,1695,3504
22,60,1695,1695,3504
22,59,1695,1695,3504
22,59,1695,1695,3504
22,59,1695,1695,3504
22,59,1695,1695,3504
22,59,1695,1695,3504
22,59,1695,1695,3504
22,59,1695,1695,3504
22,59,1695,1695,3504
22,59,1695,1695,3504
22,59,1695,1695,3504
22,59,1695,1695,3504
22,59,1695,1695,3504
22,59,1695,1695,3504
22,59,1695,1695,3504
22,59,1695,1695,3504
22,59,1695,1695,3504
22,59,1695,1695,3504
22,59,1695,1695,3504
22,59,1695,1695,3504
22,59,1695,1695,3504
22,59,1695,1695,3504
22,59,1695,1695,3504
22,59,1695,1695,3504
22,59,1695,1695,3504
22,59,1695,1695,3504
22,59,1695,1695,3504
22,59,1695,1695,3504
22,59,1695,1695,3504
22,59,1695,1695,3504
22,59,1695,1695,3504
22,59,1695,1695,3504
22,59,1695,1695,3504
22,59,1695,1695,3504
22,59,1695,1695,3504
22,59,1695,1695,3504
22,59,1695,1695,3504
22,59,1695,1695,3504
22,59,1695,1695,3504
22,59,1695,1695,3504
22,59,1695,1695,3504
22,59,1695,1695,3504
22,59,1695,1695,3504
22,59,1695,1695,3504
22,59,1695,1695,3504
22,59,1695,1695,3504
22,59,1695,1695,3504
22,59,1695,1695,3504
22,59,1695,1695,3504
22,59,1695,1695,3504
22,59,1695,1695,3504
22,59