4,18,139,139,405
4,18,139,139,405
4,18,139,139,405
4,18,139,139,405
4,18,139,139,405
4,18,1290,1290,3504
4,18,1290,1290,3504
4,18,1290,1290,3504
4,18,1290,1290,3504
4,18,1290,1290,3504
9,19,1290,1290,3504
9,19,1290,1290,3504
9,19,1290,1290,3504
9,19,1290,1290,3504
9,20,1290,1290,3504
9,20,1290,1290,3504
9,20,1290,1290,3504
9,21,1290,1290,3504
9,21,1290,1290,3504
9,21,1290,1290,3504
9,21,1290,1290,3504
9,21,1430,1430,3504
9,21,1430,1430,3504
9,22,1430,1430,3504
9,22,1430,1430,3504
14,22,1430,1430,3504
21,22,1430,1430,3504
21,23,1430,1430,3504
21,23,1430,1430,3504
21,23,1430,1430,3504
21,24,1430,1430,3504
21,24,1430,1430,3504
21,24,1430,1430,3504
21,24,1430,1430,3504
21,24,1430,1430,3504
21,24,1430,1430,3504
21,25,1430,1430,3504
21,25,1430,1430,3504
21,25,1430,1582,3504
23,25,1582,1582,3504
23,25,1582,1582,3504
23,26,1582,1582,3504
23,26,1582,1582,3504
23,26,1582,1582,3504
23,27,1582,1582,3504
23,27,1582,1582,3504
23,27,1582,1582,3504
23,28,1582,1582,3504
23,28,1582,1582,3504
23,28,1582,1582,3504
23,29,1582,1582,3504
23,29,1582,1582,3504
23,29,1582,1582,3504
23,29,1582,1582,3504
26,29,1582,1582,3504
26,29,1746,1746,3504
26,29,1746,1746,3504
26,30,1746,1746,3504
26,30,1746,1746,3504
26,31,1746,1746,3504
26,31,1746,1746,3504
26,31,1746,1746,3504
26,32,1746,1746,3504
26,32,1746,1746,3504
26,32,1746,1746,3504
26,32,1746,1746,3504
26,33,1746,1746,3504
26,33,1746,1746,3504
30,33,1746,1746,3504
30,34,1746,1746,3504
30,34,1746,1746,3504
30,34,1746,1746,3504
30,35,1784,1784,3504
30,35,1784,1784,3504
30,35,1784,1784,3504
30,36,1784,1784,3504
30,36,1784,1784,3504
30,36,1784,1784,3504
30,36,1784,1784,3504
30,36,1784,1771,3504
30,36,1771,1771,3504
30,37,1771,1771,3504
32,37,1771,1771,3504
32,37,1771,1771,3504
32,38,1771,1771,3504
32,38,1771,1771,3504
32,38,1771,1771,3504
32,39,1771,1771,3504
32,39,1771,1771,3504
32,39,1771,1771,3504
32,39,1771,1771,3504
32,39,1771,1771,3504
32,39,1771,1771,3504
32,39,1771,1771,3504
32,40,1771,1771,3504
32,40,1771,1771,3504
32,40,1771,1771,3504
32,41,1771,1771,3504
33,41,1771,1771,3504
33,41,1771,1771,3504
33,41,1771,1771,3504
33,41,1771,1771,3504
33,41,1771,1771,3504
33,41,1771,1771,3504
33,42,1771,1771,3504
33,42,1771,1771,3504
33,42,1771,1771,3504
33,42,1771,1771,3504
33,42,1771,1771,3504
33,42,1771,1771,3504
33,43,1771,1771,3504
33,43,1771,1771,3504
33,43,1771,1771,3504
33,43,1771,1771,3504
33,43,1771,1771,3504
33,43,1771,1771,3504
33,44,1771,1771,3504
33,44,1771,1771,3504
33,44,1771,1771,3504
33,44,1771,1771,3504
33,44,1771,1771,3504
33,44,1771,1759,3504
33,45,1759,1759,3504
33,45,1759,1759,3504
33,45,1759,1759,3504
33,45,1759,1759,3504
33,45,1759,1759,3504
33,45,1759,1759,3504
33,46,1759,1759,3504
33,46,1759,1759,3504
33,46,1759,1759,3504
33,46,1759,1759,3504
33,46,1759,1759,3504
33,46,1759,1759,3504
33,46,1759,1759,3504
33,47,1759,1759,3504
33,47,1759,1759,3504
33,47,1759,1759,3504
33,47,1759,1759,3504
33,47,1759,1759,3504
33,47,1759,1759,3504
33,48,1759,1759,3504
33,48,1759,1759,3504
33,48,1759,1759,3504
33,48,1759,1759,3504
33,48,1759,1759,3504
33,48,1759,1759,3504
33,48,1759,1759,3504
33,48,1759,1759,3504
33,48,1759,1759,3504
33,48,1759,1759,3504
33,49,1759,1759,3504
33,49,1759,1759,3504
33,49,1759,1759,3504
33,49,1759,1759,3504
33,49,1759,1759,3504
33,49,1759,1759,3504
33,49,1759,1759,3504
33,49,1759,1759,3504
33,49,1759,1759,3504
33,49,1759,1759,3504
33,50,1759,1759,3504
33,50,1759,1759,3504
33,50,1759,1759,3504
33,50,1759,1759,3504
33,50,1759,1759,3504
33,51,1759,1759,3504
33,51,1759,1759,3504
33,51,1759,1759,3504
33,51,1759,1759,3504
33,51,1759,1759,3504
33,51,1759,1759,3504
33,52,1759,1759,3504
33,52,1759,1759,3504
33,52,1759,1759,3504
33,52,1759,1759,3504
33,52,1759,1759,3504
33,52,1759,1759,3504
33,52,1759,1759,3504
33,52,1759,1759,3504
33,52,1759,1759,3504
33,52,1759,1759,3504
33,52,1759,1759,3504
33,52,1759,1759,3504
33,52,1759,1759,3504
33,53,1759,1759,3504
33,53,1759,1759,3504
33,53,1759,1759,3504
33,53,1759,1759,3504
33,53,1759,1759,3504
33,53,1759,1759,3504
33,53,1759,1759,3504
33,53,1759,1759,3504
33,53,1759,1759,3504
33,53,1759,1759,3504
33,54,1759,1759,3504
33,54,1759,1759,3504
33,54,1759,1759,3504
33,54,1759,1759,3504
33,54,1759,1759,3504
33,54,1759,1759,3504
33,54,1759,1759,3504
34,55,1759,1759,3504
34,55,1759,1759,3504
34,55,1759,1759,3504
34,55,1759,1759,3504
34,55,1759,1759,3504
34,55,1759,1759,3504
34,55,1759,1759,3504
34,55,1759,1759,3504
34,55,1759,1759,3504
34,55,1759,1759,3504
34,55,1759,1759,3504
34,55,1759,1759,3504
34,55,1759,1759,3504
34,56,1759,1759,3504
34,56,1759,1759,3504
34,56,1759,1759,3504
34,56,1759,1759,3504
34,56,1759,1759,3504
34,56,1759,1759,3504
34,56,1759,1759,3504
34,56,1759,1759,3504
34,56,1759,1759,3504
34,57,1759,1759,3504
34,57,1759,1759,3504
34,57,1759,1746,3504
34,57,1746,1746,3504
34,57,1746,1746,3504
34,57,1746,1746,3504
34,57,1746,1746,3504
34,57,1746,1746,3504
34,57,1746,1746,3504
34,57,1746,1746,3504
34,57,1746,1746,3504
34,58,1746,1746,3504
34,58,1746,1746,3504
34,58,1746,1746,3504
34,58,1746,1746,3504
34,58,1746,1746,3504
34,58,1746,1746,3504
34,58,1746,1746,3504
34,58,1746,1746,3504
34,58,1746,1746,3504
34,58,1746,1746,3504
34,58,1746,1746,3504
34,58,1746,1746,3504
34,58,1746,1746,3504
34,58,1746,1746,3504
34,58,1746,1746,3504
34,59,1746,1746,3504
34,59,1746,1746,3504
34,59,1746,1746,3504
34,59,1746,1746,3504
34,59,1746,1746,3504
34,59,1746,1746,3504
34,59,1746,1746,3504
34,59,1746,1746,3504
34,59,1746,1746,3504
34,59,1746,1746,3504
34,59,1746,1746,3504
34,59,1746,1746,3504
34,60,1746,1746,3504
34,60,1746,1746,3504
34,60,1746,1746,3504
34,60,1746,1746,3504
34,60,1746,1746,3504
34,60,1746,1746,3504
34,60,1746,1746,3504
34,60,1746,1746,3504
34,60,1746,1746,3504
34,60,1746,1746,3504
34,60,1746,1746,3504
34,60,1746,1746,3504
34,60,1746,1746,3504
34,61,1746,1746,3504
34,61,1746,1746,3504
34,61,1746,1746,3504
34,61,1746,1746,3504
34,61,1746,1746,3504
34,61,1746,1746,3504
34,61,1746,1746,3504
34,61,1746,1746,3504
34,61,1746,1746,3504
34,61,1746,1746,3504
34,61,1746,1746,3504
34,61,1746,1746,3504
34,61,1746,1746,3504
34,61,1746,1746,3504
34,61,1746,1746,3504
34,61,1746,1746,3504
34,61,1746,1746,3504
34,62,1746,1746,3504
34,62,1746,1746,3504
34,62,1746,1746,3504
34,62,1746,1746,3504
34,62,1746,1746,3504
34,62,1746,1746,3504
34,62,1746,1746,3504
34,62,1746,1746,3504
34,62,1746,1746,3504
34,62,1746,1746,3504
34,62,1746,1746,3504
34,62,1746,1746,3504
34,62,1746,1746,3504
34,62,1746,1746,3504
34,62,1746,1746,3504
34,62,1746,1746,3504
34,62,1746,1746,3504
34,63,1746,1746,3504
34,63,1746,1746,3504
34,63,1733,1733,3504
34,63,1733,1733,3504
34,63,1733,1733,3504
34,63,1733,1733,3504
34,63,1733,1733,3504
34,63,1733,1733,3504
34,63,1733,1733,3504
34,63,1733,1733,3504
34,63,1733,1733,3504
34,63,1733,1733,3504
34,63,1733,1733,3504
34,63,1733,1733,3504
34,63,1733,1733,3504
34,63,1733,1733,3504
34,63,1733,1733,3504
34,63,1733,1733,3504
34,63,1733,1733,3504
34,63,1733,1733,3504
34,63,1733,1733,3504
34,63,1733,1733,3504
34,64,1733,1733,3504
34,64,1733,1733,3504
34,64,1733,1733,3504
34,64,1733,1733,3504
34,64,1733,1733,3504
34,64,1733,1733,3504
34,64,1733,1733,3504
34,64,1733,1733,3504
34,64,1733,1733,3504
34,64,1733,1733,3504
34,64,1733,1733,3504
34,64,1733,1733,3504
34,64,1733,1733,3504
34,64,1733,1733,3504
34,64,1733,1733,3504
34,64,1733,1733,3504
34,64,1733,1733,3504
34,64,1733,1733,3504
34,64,1733,1733,3504
34,64,1733,1733,3504
34,64,1733,1733,3504
34,64,1733,1733,3504
34,64,1733,1733,3504
34,64,1733,1733,3504
34,65,1733,1733,3504
34,65,1733,1733,3504
34,65,1733,1733,3504
34,65,1733,1733,3504
34,65,1733,1733,3504
34,65,1733,1733,3504
34,65,1733,1733,3504
34,65,1733,1733,3504
34,65,1733,1733,3504
34,65,1733,1733,3504
34,65,1733,1733,3504
34,65,1733,1733,3504
34,65,1733,1733,3504
34,65,1733,1733,3504
34,65,1733,1733,3504
34,65,1733,1733,3504
34,65,1733,1733,3504
34,65,1733,1733,3504
34,65,1733,1733,3504
34,65,1733,1733,3504
34,65,1733,1733,3504
34,65,1733,1733,3504
34,65,1733,1733,3504
34,66,1733,1733,3504
34,66,1733,1733,3504
34,66,1733,1733,3504
34,66,1733,1733,3504
34,66,1733,1733,3504
34,66,1733,1733,3504
34,66,1733,1733,3504
34,66,1733,1733,3504
34,66,1733,1733,3504
34,66,1733,1733,3504
34,66,1733,1733,3504
34,66,1733,1733,3504
34,66,1733,1733,3504
34,66,1733,1733,3504
34,66,1733,1733,3504
34,66,1733,1733,3504
34,66,1733,1733,3504
34,66,1733,1733,3504
34,66,1733,1733,3504
34,66,1733,1733,3504
34,67,1733,1733,3504
34,67,1733,1733,3504
34,67,1733,1733,3504
34,67,1733,1733,3504
34,67,1733,1733,3504
34,67,1733,1733,3504
34,67,1733,1733,3504
34,67,1733,1733,3504
34,67,1733,1733,3504
34,67,1733,1733,3504
34,67,1733,1733,3504
34,67,1733,1733,3504
34,67,1733,1733,3504
34,67,1733,1733,3504
34,67,1733,1733,3504
34,67,1733,1733,3504
34,67,1733,1733,3504
34,67,1733,1733,3504
35,67,1733,1733,3504
35,67,1733,1733,3504
35,67,1733,1733,3504
35,67,1733,1733,3504
35,67,1733,1733,3504
35,68,1733,1733,3504
35,68,1733,1733,3504
35,68,1733,1733,3504
35,68,1733,1733,3504
35,68,1733,1733,3504
35,68,1733,1733,3504
35,68,1733,1733,3504
35,68,1733,1733,3504
35,68,1733,1733,3504
35,68,1733,1733,3504
35,68,1733,1733,3504
35,68,1733,1733,3504
35,68,1733,1733,3504
35,68,1733,1733,3504
35,68,1733,1733,3504
35,68,1733,1733,3504
35,68,1733,1733,3504
35,68,1733,1733,3504
35,68,1733,1733,3504
35,68,1733,1733,3504
35,68,1733,1733,3504
35,68,1733,1733,3504
35,68,1733,1721,3504
35,68,1721,1721,3504
35,68,1721,1721,3504
35,69,1721,1721,3504
35,69,1721,1721,3504
35,69,1721,1721,3504
35,69,1721,1721,3504
35,69,1721,1721,3504
35,69,1721,1721,3504
35,69,1721,1721,3504
35,69,1721,1721,3504
35,69,1721,1721,3504
35,69,1721,1721,3504
35,69,1721,1721,3504
35,69,1721,1721,3504
35,69,1721,1721,3504
35,69,1721,1721,3504
35,69,1721,1721,3504
35,69,1721,1721,3504
35,69,1721,1721,3504
35,69,1721,1721,3504
35,69,1721,1721,3504
35,69,1721,1721,3504
35,69,1721,1721,3504
35,69,1721,1721,3504
35,69,1721,1721,3504
35,69,1721,1721,3504
35,69,1721,1721,3504
35,69,1721,1721,3504
35,69,1721,1721,3504
35,70,1721,1721,3504
35,70,1721,1721,3504
35,70,1721,1721,3504
35,70,1721,1721,3504
35,70,1721,1721,3504
35,70,1721,1721,3504
35,70,1721,1721,3504
35,70,1721,1721,3504
35,70,1721,1721,3504
35,70,1721,1721,3504
35,70,1721,1721,3504
35,70,1721,1721,3504
35,70,1721,1721,3504
35,70,1721,1721,3504
35,70,1721,1721,3504
35,70,1721,1721,3504
35,70,1721,1721,3504
35,70,1721,1721,3504
35,70,1721,1721,3504
35,70,1721,1721,3504
35,70,1721,1721,3504
35,70,1721,1721,3504
35,70,1721,1721,3504
35,70,1721,1721,3504
35,70,1721,1721,3504
35,70,1721,1721,3504
35,70,1721,1721,3504
35,70,1721,1721,3504
35,70,1721,1721,3504
35,70,1721,1721,3504
35,71,1721,1721,3504
35,71,1721,1721,3504
35,71,1721,1721,3504
35,71,1721,1721,3504
35,71,1721,1721,3504
35,71,1721,1721,3504
35,71,1721,1721,3504
35,71,1721,1721,3504
35,71,1721,1721,3504
35,71,1721,1721,3504
35,71,1721,1721,3504
35,71,1721,1721,3504
35,71,1721,1721,3504
35,71,1721,1721,3504
35,71,1721,1721,3504
35,71,1721,1721,3504
35,71,1721,1721,3504
35,71,1721,1721,3504
35,71,1721,1721,3504
35,71,1721,1721,3504
35,71,1721,1721,3504
35,71,1721,1721,3504
35,71,1721,1721,3504
35,71,1721,1721,3504
35,72,1721,1721,3504
35,72,1721,1721,3504
35,72,1721,1721,3504
35,72,1721,1721,3504
35,72,1721,1721,3504
35,72,1721,1721,3504
35,72,1721,1721,3504
35,72,1721,1721,3504
35,72,1721,1721,3504
35,72,1721,1721,3504
35,72,1721,1721,3504
35,72,1721,1721,3504
35,72,1721,1721,3504
35,72,1721,1721,3504
35,72,1721,1721,3504
35,72,1721,1721,3504
35,72,1721,1721,3504
35,72,1721,1721,3504
35,72,1721,1721,3504
35,72,1721,1721,3504
35,72,1721,1721,3504
35,72,1721,1721,3504
35,72,1721,1721,3504
35,73,1721,1721,3504
35,73,1721,1721,3504
35,73,1721,1721,3504
35,73,1721,1721,3504
35,73,1721,1721,3504
35,73,1721,1721,3504
35,73,1721,1721,3504
35,73,1721,1721,3504
35,73,1721,1721,3504
35,73,1721,1721,3504
35,73,1721,1721,3504
35,73,1721,1721,3504
35,73,1721,1721,3504
35,73,1721,1721,3504
35,73,1721,1721,3504
35,73,1721,1721,3504
35,73,1721,1721,3504
35,73,1721,1721,3504
35,73,1721,1721,3504
35,73,1721,1721,3504
35,73,1721,1721,3504
35,73,1721,1721,3504
35,74,1721,1721,3504
35,74,1721,1721,3504
35,74,1721,1721,3504
35,74,1721,1721,3504
35,74,1721,1721,3504
35,74,1721,1721,3504
35,74,1721,1721,3504
35,74,1721,1721,3504
35,74,1721,1721,3504
35,74,1721,1721,3504
35,74,1721,1721,3504
35,74,1721,1721,3504
35,74,1721,1721,3504
35,74,1721,1708,3504
35,74,1708,1708,3504
35,74,1708,1708,3504
35,74,1708,1708,3504
35,74,1708,1708,3504
35,74,1708,1708,3504
35,74,1708,1708,3504
35,74,1708,1708,3504
35,74,1708,1708,3504
35,74,1708,1708,3504
35,74,1708,1708,3504
35,74,1708,1708,3504
35,74,1708,1708,3504
35,74,1708,1708,3504
35,74,1708,1708,3504
35,74,1708,1708,3504
35,74,1708,1708,3504
35,74,1708,1708,3504
35,74,1708,1708,3504
35,74,1708,1708,3504
35,74,1708,1708,3504
35,74,1708,1708,3504
35,74,1708,1708,3504
35,75,1708,1708,3504
35,75,1708,1708,3504
35,75,1708,1708,3504
35,75,1708,1708,3504
35,75,1708,1708,3504
35,75,1708,1708,3504
35,75,1708,1708,3504
35,75,1708,1708,3504
35,75,1708,1708,3504
35,75,1708,1708,3504
35,75,1708,1708,3504
35,75,1708,1708,3504
35,75,1708,1708,3504
35,75,1708,1708,3504
35,75,1708,1708,3504
35,75,1708,1708,3504
35,75,1708,1708,3504
35,75,1708,1708,3504
35,75,1708,1708,3504
35,75,1708,1708,3504
35,75,1708,1708,3504
35,75,1708,1708,3504
35,75,1708,1708,3504
35,75,1708,1708,3504
35,75,1708,1708,3504
35,75,1708,1708,3504
35,75,1708,1708,3504
35,75,1708,1708,3504
35,75,1708,1708,3504
35,75,1708,1708,3504
35,75,1708,1708,3504
35,75,1708,1708,3504
35,75,1708,1708,3504
35,75,1708,1708,3504
35,75,1708,1708,3504
35,75,1708,1708,3504
35,76,1708,1708,3504
35,76,1708,1708,3504
35,76,1708,1708,3504
35,76,1708,1708,3504
35,76,1708,1708,3504
35,76,1708,1708,3504
35,76,1708,1708,3504
35,76,1708,1708,3504
35,76,1708,1708,3504
35,76,1708,1708,3504
35,76,1708,1708,3504
35,76,1708,1708,3504
35,76,1708,1708,3504
35,76,1708,1708,3504
35,76,1708,1708,3504
35,76,1708,1708,3504
35,76,1708,1708,3504
35,76,1708,1708,3504
35,76,1708,1708,3504
35,76,1708,1708,3504
35,75,1708,1708,3504
34,75,1708,1708,3504
34,75,1708,1708,3504
34,75,1708,1708,3504
33,75,1708,1708,3504
33,75,1708,1708,3504
33,74,1708,1708,3504
33,74,1708,1708,3504
33,74,1708,1708,3504
33,74,1708,1708,3504
33,74,1708,1708,3504
33,74,1708,1708,3504
33,73,1708,1708,3504
33,73,1708,1708,3504
33,73,1708,1708,3504
31,73,1708,1708,3504
31,73,1708,1708,3504
31,73,1708,1708,3504
27,73,1708,1708,3504
27,73,1708,1708,3504
27,72,1708,1708,3504
27,72,1708,1708,3504
27,72,1708,1708,3504
27,72,1708,1708,3504
27,72,1708,1708,3504
27,72,1708,1708,3504
27,72,1708,1708,3504
27,72,1708,1708,3504
27,71,1708,1708,3504
27,71,1708,1708,3504
27,71,1708,1708,3504
27,71,1708,1708,3504
27,71,1708,1708,3504
27,71,1708,1708,3504
27,71,1708,1708,3504
27,71,1708,1708,3504
27,71,1708,1708,3504
27,71,1708,1708,3504
27,71,1708,1708,3504
27,71,1708,1708,3504
27,71,1708,1708,3504
27,71,1708,1708,3504
27,70,1708,1708,3504
27,70,1708,1708,3504
27,70,1708,1708,3504
27,70,1708,1708,3504
27,70,1708,1708,3504
27,70,1708,1708,3504
27,70,1708,1708,3504
27,70,1708,1708,3504
27,70,1708,1708,3504
27,70,1708,1708,3504
27,69,1708,1708,3504
27,69,1708,1708,3504
27,69,1708,1708,3504
27,69,1708,1708,3504
26,69,1708,1708,3504
26,68,1708,1708,3504
26,68,1708,1708,3504
26,68,1708,1708,3504
26,68,1708,1708,3504
26,68,1708,1708,3504
26,68,1708,1708,3504
26,68,1708,1708,3504
26,68,1708,1708,3504
25,68,1708,1708,3504
25,68,1708,1708,3504
25,67,1708,1708,3504
24,67,1708,1708,3504
24,67,1708,1708,3504
24,67,1708,1708,3504
24,67,1708,1708,3504
24,67,1708,1708,3504
24,67,1708,1708,3504
24,67,1708,1708,3504
23,67,1708,1708,3504
23,66,1708,1708,3504
23,66,1708,1708,3504
23,66,1708,1708,3504
23,66,1708,1708,3504
23,66,1708,1708,3504
23,66,1708,1708,3504
23,66,1708,1708,3504
23,66,1708,1708,3504
23,66,1708,1708,3504
23,66,1708,1708,3504
23,66,1708,1708,3504
23,66,1708,1708,3504
23,65,1708,1708,3504
23,65,1708,1708,3504
23,65,1708,1708,3504
23,65,1708,1708,3504
23,65,1708,1708,3504
23,65,1708,1708,3504
23,65,1708,1708,3504
23,65,1708,1708,3504
23,65,1708,1708,3504
23,65,1708,1708,3504
23,65,1708,1708,3504
23,65,1708,1708,3504
23,65,1708,1708,3504
23,65,1708,1708,3504
23,65,1708,1708,3504
23,65,1708,1708,3504
23,64,1708,1708,3504
23,64,1708,1708,3504
23,64,1708,1708,3504
23,64,1708,1708,3504
23,64,1708,1708,3504
23,64,1708,1708,3504
23,64,1708,1708,3504
23,64,1708,1708,3504
23,64,1708,1708,3504
23,64,1708,1708,3504
23,64,1708,1708,3504
23,64,1708,1708,3504
23,64,1708,1708,3504
23,64,1708,1708,3504
23,64,1708,1708,3504
23,64,1708,1708,3504
23,64,1708,1708,3504
23,64,1708,1708,3504
23,64,1708,1708,3504
23,64,1708,1708,3504
23,63,1708,1708,3504
23,63,1708,1708,3504
23,63,1708,1708,3504
23,63,1708,1708,3504
23,63,1708,1708,3504
23,63,1708,1708,3504
23,63,1708,1708,3504
23,63,1708,1708,3504
23,63,1708,1708,3504
23,63,1708,1708,3504
23,63,1708,1708,3504
23,63,1708,1708,3504
23,63,1708,1708,3504
23,63,1708,1708,3504
23,63,1708,1708,3504
23,63,1708,1708,3504
23,63,1708,1708,3504
23,63,1708,1708,3504
23,63,1708,1708,3504
23,63,1708,1708,3504
23,63,1708,1708,3504
23,63,1708,1708,3504
23,63,1708,1708,3504
23,63,1708,1708,3504
23,63,1708,1708,3504
23,63,1708,1708,3504
23,63,1708,1708,3504
23,63,1708,1708,3504
23,62,1708,1708,3504
23,62,1708,1708,3504
23,62,1708,1708,3504
23,62,1708,1708,3504
23,62,1708,1708,3504
23,62,1708,1708,3504
23,62,1708,1708,3504
23,62,1708,1708,3504
23,62,1708,1708,3504
23,62,1708,1708,3504
23,62,1708,1708,3504
23,62,1708,1708,3504
23,62,1708,1708,3504
23,62,1708,1708,3504
23,62,1708,1708,3504
23,62,1708,1708,3504
23,62,1708,1708,3504
23,62,1708,1708,3504
23,62,1708,1708,3504
23,62,1708,1708,3504
23,62,1708,1708,3504
23,62,1708,1708,3504
23,62,1708,1708,3504
23,62,1708,1708,3504
23,62,1708,1708,3504
23,62,1708,1708,3504
23,62,1708,1708,3504
23,62,1708,1708,3504
23,62,1708,1708,3504
23,62,1708,1708,3504
23,62,1708,1708,3504
23,62,1708,1708,3504
23,61,1708,1708,3504
23,61,1708,1708,3504
23,61,1708,1708,3504
23,61,1708,1708,3504
23,61,1708,1708,3504
23,61,1708,1708,3504
23,61,1708,1708,3504
23,61,1708,1708,3504
23,61,1708,1708,3504
23,61,1708,1708,3504
23,61,1708,1708,3504
23,61,1708,1708,3504
23,61,1708,1708,3504
23,61,1708,1708,3504
23,61,1708,1708,3504
23,61,1708,1708,3504
23,61,1708,1708,3504
23,61,1708,1708,3504
23,61,1708,1708,3504
23,61,1708,1708,3504
23,61,1708,1708,3504
23,61,1708,1708,3504
23,61,1708,1708,3504
23,61,1708,1708,3504
23,61,1708,1708,3504
23,61,1708,1708,3504
23,61,1708,1708,3504
23,61,1708,1708,3504
23,61,1708,1708,3504
23,61,1708,1708,3504
23,61,1708,1708,3504
23,61,1708,1708,3504
23,61,1708,1708,3504
23,61,1708,1708,3504
23,61,1708,1708,3504
23,61,1708,1708,3504
23,60,1708,1708,3504
23,60,1708,1708,3504
23,60,1708,1708,3504
23,60,1708,1708,3504
23,60,1708,1708,3504
23,60,1708,1708,3504
23,60,1708,1708,3504
23,60,1708,1708,3504
23,60,1708,1708,3504
23,60,1708,1708,3504
23,60,1708,1708,3504
23,60,1708,1708,3504
23,60,1708,1708,3504
23,60,1708,1708,3504
23,60,1708,1708,3504
23,60,1708,1708,3504
23,60,1708,1708,3504
23,60,1708,1708,3504
23,60,1708,1708,3504
23,60,1708,1708,3504
23,60,1708,1708,3504
23,60,1708,1708,3504
23,60,1708,1708,3504
23,60,1708,1708,3504
23,60,1708,1708,3504
23,60,1708,1708,3504
23,60,1708,1708,3504
23,60,1708,1708,3504
23,60,1708,1708,3504
23,60,1708,1708,3504
23,60,1708,1708,3504
23,60,1708,1708,3504
23,60,1708,1708,3504
23,60,1708,1708,3504
23,60,1708,1708,3504
23,60,1708,1708,3504
23,60,1708,1708,3504
23,60,1708,1708,3504
23,60,1708,1708,3504
23,60,1708,1708,3504
22,60,1708,1708,3504
22,60,1708,1708,3504
22,60,1708,1708,3504
22,60,1708,1708,3504
22,60,1708,1708,3504
22,60,1708,1708,3504
22,60,1708,1708,3504
22,60,1708,1708,3504
23,60,1708,1708,3504
23,60,1708,1708,3504
23,60,1708,1708,3504
23,59,1708,1708,3504
22,59,1708,1708,3504
22,59,1708,1708,3504
22,59,1708,1708,3504
22,59,1708,1708,3504
22,59,1708,1708,3504
22,59,1708,1708,3504
22,59,1708,1708,3504
22,59,1708,1708,3504
22,59,1708,1708,3504
22,59,1708,1708,3504
22,59,1708,1708,3504
22,59,1708,1708,3504
22,59,1708,1708,3504
22,59,1708,1708,3504
22,59,1708,1708,3504
22,59,1708,1708,3504
22,59,1708,1708,3504
22,59,1708,1708,3504
22,59,1708,1708,3504
22,59,1708,1708,3504
22,59,1708,1708,3504
22,59,1708,1708,3504
22,59,1708,1708,3504
22,59,1708,1708,3504
22,59,1708,1708,3504
22,59,1708,1708,3504
22,59,1708,1708,3504
22,59,1708,1708,3504
22,59,1708,1708,3504
22,59,1708,1708,3504
22,59,1708,1708,3504
22,59,1708,1708,3504
22,59,1708,1708,3504
22,59,1708,1708,3504
22,59,1708,1708,3504
22,59,1708,1708,3504
22,59,1708,1708,3504
22,59,1708,1708,3504
22,59,1708,1708,3504
22,59,1708,1708,3504
22,59,1708,1708,3504
22,