4,12,139,139,405
4,12,139,139,405
4,12,139,139,405
4,12,1290,1290,3504
4,12,1290,1290,3504
4,12,1290,1290,3504
4,12,1290,1290,3504
4,12,1290,1290,3504
4,12,1290,1290,3504
4,12,1290,1290,3504
4,13,1290,1290,3504
4,13,1290,1290,3504
4,13,1290,1290,3504
4,13,1290,1290,3504
6,13,1290,1290,3504
15,13,1430,1430,3504
15,13,1430,1430,3504
15,14,1430,1430,3504
15,14,1430,1430,3504
15,14,1430,1430,3504
15,14,1430,1430,3504
15,14,1430,1430,3504
15,14,1430,1430,3504
15,15,1430,1430,3504
15,15,1430,1430,3504
15,15,1430,1430,3504
15,15,1430,1430,3504
15,15,1430,1430,3504
15,15,1430,1430,3504
16,15,1430,1430,3504
19,15,1430,1430,3504
19,15,1430,1430,3504
19,15,1430,1430,3504
19,16,1430,1430,3504
19,16,1582,1582,3504
19,16,1582,1582,3504
19,16,1582,1582,3504
19,16,1582,1582,3504
19,16,1582,1582,3504
19,16,1582,1582,3504
19,17,1582,1582,3504
19,17,1582,1582,3504
19,17,1582,1582,3504
19,17,1582,1582,3504
19,17,1582,1582,3504
20,17,1582,1582,3504
20,17,1582,1582,3504
20,18,1582,1582,3504
20,18,1582,1582,3504
20,18,1582,1582,3504
20,18,1582,1582,3504
20,18,1582,1582,3504
20,18,1746,1746,3504
20,19,1746,1746,3504
20,19,1746,1746,3504
20,19,1746,1746,3504
20,19,1746,1746,3504
20,19,1746,1746,3504
20,19,1746,1746,3504
20,19,1746,1746,3504
20,20,1746,1746,3504
21,20,1746,1746,3504
21,20,1746,1746,3504
21,21,1746,1746,3504
21,21,1746,1746,3504
21,21,1746,1746,3504
21,21,1746,1746,3504
21,21,1746,1746,3504
21,21,1746,1746,3504
21,21,1746,1746,3504
21,22,1746,1746,3504
21,22,1797,1797,3504
21,22,1797,1797,3504
21,22,1797,1797,3504
21,22,1797,1797,3504
23,23,1797,1797,3504
23,23,1797,1797,3504
23,23,1797,1797,3504
23,23,1797,1797,3504
23,23,1797,1797,3504
23,23,1797,1797,3504
23,23,1797,1797,3504
23,24,1797,1797,3504
23,24,1797,1797,3504
23,24,1797,1797,3504
23,24,1797,1797,3504
23,24,1797,1797,3504
23,24,1797,1797,3504
23,25,1797,1797,3504
23,25,1797,1797,3504
23,25,1797,1797,3504
24,25,1797,1797,3504
24,25,1797,1797,3504
24,25,1797,1797,3504
24,25,1797,1797,3504
24,26,1797,1797,3504
24,26,1797,1797,3504
24,26,1797,1797,3504
24,26,1797,1797,3504
24,26,1797,1797,3504
24,26,1797,1797,3504
24,26,1797,1797,3504
24,27,1797,1797,3504
24,27,1797,1797,3504
24,27,1797,1797,3504
24,27,1797,1797,3504
24,27,1797,1797,3504
24,27,1797,1797,3504
24,27,1797,1797,3504
24,27,1797,1797,3504
24,27,1797,1797,3504
24,27,1797,1797,3504
24,28,1797,1797,3504
24,28,1797,1797,3504
24,28,1797,1797,3504
24,28,1797,1797,3504
24,28,1797,1784,3504
24,28,1784,1784,3504
24,28,1784,1784,3504
24,28,1784,1784,3504
24,29,1784,1784,3504
24,29,1784,1784,3504
24,29,1784,1784,3504
24,29,1784,1784,3504
24,29,1784,1784,3504
24,29,1784,1784,3504
24,29,1784,1784,3504
24,29,1784,1784,3504
24,29,1784,1784,3504
24,29,1784,1784,3504
24,30,1784,1784,3504
24,30,1784,1784,3504
24,30,1784,1784,3504
24,30,1784,1784,3504
24,30,1784,1784,3504
24,30,1784,1784,3504
24,30,1784,1784,3504
24,30,1784,1784,3504
24,30,1784,1784,3504
24,30,1784,1784,3504
24,30,1784,1784,3504
24,30,1784,1784,3504
24,30,1784,1784,3504
24,31,1784,1784,3504
24,31,1784,1784,3504
24,31,1784,1784,3504
24,31,1784,1784,3504
24,31,1784,1784,3504
24,31,1784,1784,3504
24,31,1784,1784,3504
24,31,1784,1784,3504
24,31,1784,1784,3504
24,31,1784,1784,3504
24,31,1784,1784,3504
24,31,1784,1784,3504
24,31,1784,1784,3504
24,31,1784,1784,3504
24,32,1784,1784,3504
24,32,1784,1784,3504
24,32,1784,1784,3504
24,32,1784,1784,3504
24,32,1784,1784,3504
24,32,1784,1784,3504
24,32,1784,1784,3504
24,32,1784,1784,3504
24,32,1784,1784,3504
24,32,1784,1784,3504
24,32,1784,1784,3504
24,32,1784,1784,3504
24,32,1784,1784,3504
24,32,1784,1784,3504
24,32,1784,1784,3504
24,32,1784,1784,3504
24,33,1784,1784,3504
24,33,1784,1784,3504
24,33,1784,1784,3504
24,33,1784,1784,3504
24,33,1784,1784,3504
24,33,1784,1784,3504
24,33,1784,1784,3504
24,33,1784,1784,3504
24,33,1784,1784,3504
24,33,1784,1784,3504
24,33,1784,1784,3504
24,33,1784,1784,3504
24,33,1784,1784,3504
24,33,1784,1784,3504
24,33,1784,1784,3504
24,33,1784,1784,3504
24,34,1784,1784,3504
24,34,1784,1784,3504
24,34,1784,1784,3504
24,34,1784,1784,3504
24,34,1784,1784,3504
24,34,1784,1784,3504
24,34,1784,1784,3504
24,34,1784,1784,3504
24,34,1784,1784,3504
24,34,1784,1784,3504
24,34,1784,1784,3504
24,34,1784,1784,3504
24,34,1784,1784,3504
24,34,1784,1784,3504
24,34,1784,1784,3504
24,34,1784,1784,3504
24,34,1784,1784,3504
24,35,1784,1784,3504
24,35,1784,1784,3504
24,35,1784,1784,3504
24,35,1784,1784,3504
24,35,1784,1784,3504
24,35,1784,1784,3504
24,35,1784,1784,3504
24,35,1784,1784,3504
24,35,1784,1784,3504
24,35,1784,1784,3504
24,35,1784,1784,3504
24,35,1784,1784,3504
24,35,1784,1784,3504
24,35,1784,1784,3504
24,35,1784,1784,3504
24,35,1784,1784,3504
24,35,1784,1784,3504
24,35,1784,1784,3504
24,35,1784,1784,3504
24,35,1784,1784,3504
24,36,1784,1784,3504
24,36,1784,1784,3504
24,36,1784,1784,3504
24,36,1784,1784,3504
24,36,1784,1784,3504
24,36,1784,1784,3504
24,36,1784,1784,3504
24,36,1784,1784,3504
24,36,1784,1784,3504
24,36,1784,1784,3504
24,36,1784,1784,3504
24,36,1784,1784,3504
24,36,1784,1784,3504
24,36,1784,1784,3504
24,36,1784,1784,3504
24,36,1784,1784,3504
24,36,1784,1784,3504
24,36,1784,1784,3504
24,36,1784,1784,3504
24,36,1784,1784,3504
24,36,1784,1784,3504
24,37,1784,1784,3504
24,37,1784,1784,3504
24,37,1784,1784,3504
24,37,1784,1784,3504
24,37,1784,1784,3504
24,37,1784,1784,3504
24,37,1784,1784,3504
24,37,1784,1784,3504
24,37,1784,1784,3504
24,37,1784,1784,3504
24,37,1784,1784,3504
24,37,1784,1784,3504
24,37,1784,1784,3504
24,37,1784,1784,3504
24,37,1784,1784,3504
24,37,1784,1784,3504
24,37,1784,1784,3504
24,37,1784,1784,3504
24,37,1784,1784,3504
24,37,1784,1784,3504
24,38,1784,1784,3504
24,38,1784,1784,3504
24,38,1784,1784,3504
24,38,1784,1784,3504
24,38,1784,1784,3504
24,38,1784,1784,3504
24,38,1784,1784,3504
24,38,1784,1784,3504
24,38,1784,1784,3504
24,38,1784,1784,3504
24,38,1784,1784,3504
24,38,1784,1784,3504
24,38,1784,1784,3504
24,38,1784,1784,3504
24,38,1784,1784,3504
24,38,1784,1784,3504
24,38,1784,1784,3504
24,38,1784,1784,3504
24,38,1784,1784,3504
24,38,1784,1784,3504
24,38,1784,1784,3504
24,38,1784,1784,3504
24,38,1784,1784,3504
24,38,1784,1784,3504
24,38,1784,1784,3504
24,39,1784,1784,3504
24,39,1784,1784,3504
24,39,1784,1784,3504
24,39,1784,1784,3504
24,39,1784,1784,3504
24,39,1784,1784,3504
24,39,1784,1784,3504
24,39,1784,1784,3504
24,39,1784,1784,3504
24,39,1784,1784,3504
24,39,1784,1771,3504
24,39,1771,1771,3504
24,39,1771,1771,3504
24,39,1771,1771,3504
24,39,1771,1771,3504
24,39,1771,1771,3504
24,39,1771,1771,3504
24,39,1771,1771,3504
24,39,1771,1771,3504
24,39,1771,1771,3504
24,39,1771,1771,3504
24,39,1771,1771,3504
24,39,1771,1771,3504
24,39,1771,1771,3504
24,39,1771,1771,3504
24,39,1771,1771,3504
24,39,1771,1771,3504
24,39,1771,1771,3504
24,39,1771,1771,3504
24,39,1771,1771,3504
24,40,1771,1771,3504
24,40,1771,1771,3504
24,40,1771,1771,3504
24,40,1771,1771,3504
24,40,1771,1771,3504
24,40,1771,1771,3504
24,40,1771,1771,3504
24,40,1771,1771,3504
24,40,1771,1771,3504
24,40,1771,1771,3504
24,40,1771,1771,3504
24,40,1771,1771,3504
24,40,1771,1771,3504
24,40,1771,1771,3504
24,40,1771,1771,3504
24,40,1771,1771,3504
24,40,1771,1771,3504
24,40,1771,1771,3504
24,40,1771,1771,3504
24,40,1771,1771,3504
24,40,1771,1771,3504
24,40,1771,1771,3504
24,40,1771,1771,3504
24,40,1771,1771,3504
24,40,1771,1771,3504
24,40,1771,1771,3504
24,40,1771,1771,3504
24,40,1771,1771,3504
24,41,1771,1771,3504
24,41,1771,1771,3504
24,41,1771,1771,3504
24,41,1771,1771,3504
24,41,1771,1771,3504
24,41,1771,1771,3504
24,41,1771,1771,3504
24,41,1771,1771,3504
24,41,1771,1771,3504
24,41,1771,1771,3504
24,41,1771,1771,3504
24,41,1771,1771,3504
24,41,1771,1771,3504
24,41,1771,1771,3504
24,41,1771,1771,3504
24,41,1771,1771,3504
24,41,1771,1771,3504
24,41,1771,1771,3504
24,41,1771,1771,3504
24,41,1771,1771,3504
24,41,1771,1771,3504
24,41,1771,1771,3504
24,41,1771,1771,3504
24,41,1771,1771,3504
24,41,1771,1771,3504
24,41,1771,1771,3504
24,41,1771,1771,3504
24,41,1771,1771,3504
24,41,1771,1771,3504
24,41,1771,1771,3504
24,41,1771,1771,3504
24,42,1771,1771,3504
24,42,1771,1771,3504
24,42,1771,1771,3504
24,42,1771,1771,3504
24,42,1771,1771,3504
24,42,1771,1771,3504
24,42,1771,1771,3504
24,42,1771,1771,3504
24,42,1771,1771,3504
24,42,1771,1771,3504
24,42,1771,1771,3504
24,42,1771,1771,3504
24,42,1771,1771,3504
24,42,1771,1771,3504
24,42,1771,1771,3504
24,42,1771,1771,3504
24,42,1771,1771,3504
24,42,1771,1771,3504
24,42,1771,1771,3504
24,42,1771,1771,3504
24,42,1771,1771,3504
24,42,1771,1771,3504
24,42,1771,1771,3504
24,42,1771,1771,3504
24,42,1771,1771,3504
24,42,1771,1771,3504
24,42,1771,1771,3504
24,42,1771,1771,3504
24,42,1771,1771,3504
24,42,1771,1771,3504
24,43,1771,1771,3504
24,43,1771,1771,3504
24,43,1771,1771,3504
24,43,1771,1771,3504
24,43,1771,1771,3504
25,43,1771,1771,3504
25,43,1771,1771,3504
25,43,1771,1771,3504
25,43,1771,1771,3504
25,43,1771,1771,3504
25,43,1771,1771,3504
25,43,1771,1771,3504
25,43,1771,1771,3504
25,43,1771,1771,3504
25,43,1771,1771,3504
25,43,1771,1771,3504
25,43,1771,1771,3504
25,43,1771,1771,3504
25,43,1771,1771,3504
25,43,1771,1771,3504
25,43,1771,1771,3504
25,43,1771,1771,3504
25,43,1771,1771,3504
25,43,1771,1771,3504
25,43,1771,1771,3504
25,43,1771,1771,3504
25,43,1771,1771,3504
25,43,1771,1771,3504
25,43,1771,1771,3504
25,43,1771,1771,3504
25,43,1771,1771,3504
25,43,1771,1771,3504
25,43,1771,1771,3504
25,43,1771,1771,3504
25,43,1771,1771,3504
25,43,1771,1771,3504
25,43,1771,1771,3504
25,43,1771,1771,3504
25,43,1771,1771,3504
25,44,1771,1771,3504
25,44,1771,1771,3504
25,44,1771,1771,3504
25,44,1771,1771,3504
25,44,1771,1771,3504
25,44,1771,1771,3504
25,44,1771,1771,3504
25,44,1771,1771,3504
25,44,1771,1771,3504
25,44,1771,1771,3504
25,44,1771,1771,3504
25,44,1771,1771,3504
25,44,1771,1771,3504
25,44,1771,1771,3504
25,44,1771,1771,3504
25,44,1771,1771,3504
25,44,1771,1771,3504
25,44,1771,1771,3504
25,44,1771,1771,3504
25,44,1771,1771,3504
25,44,1759,1759,3504
25,44,1759,1759,3504
25,44,1759,1759,3504
25,44,1759,1759,3504
25,44,1759,1759,3504
25,44,1759,1759,3504
25,44,1759,1759,3504
25,44,1759,1759,3504
25,44,1759,1759,3504
25,44,1759,1759,3504
25,44,1759,1759,3504
25,44,1759,1759,3504
24,44,1759,1759,3504
24,44,1759,1759,3504
24,44,1759,1759,3504
24,44,1759,1759,3504
24,44,1759,1759,3504
24,44,1759,1759,3504
24,44,1759,1759,3504
24,44,1759,1759,3504
24,44,1759,1759,3504
24,44,1759,1759,3504
24,44,1759,1759,3504
24,44,1759,1759,3504
24,44,1759,1759,3504
24,44,1759,1759,3504
24,45,1759,1759,3504
24,45,1759,1759,3504
24,45,1759,1759,3504
24,45,1759,1759,3504
24,45,1759,1759,3504
24,45,1759,1759,3504
24,45,1759,1759,3504
24,45,1759,1759,3504
24,45,1759,1759,3504
24,45,1759,1759,3504
24,45,1759,1759,3504
24,45,1759,1759,3504
24,45,1759,1759,3504
24,45,1759,1759,3504
24,45,1759,1759,3504
24,45,1759,1759,3504
24,45,1759,1759,3504
24,45,1759,1759,3504
24,45,1759,1759,3504
24,45,1759,1759,3504
24,45,1759,1759,3504
24,45,1759,1759,3504
24,45,1759,1759,3504
24,45,1759,1759,3504
24,45,1759,1759,3504
24,45,1759,1759,3504
24,45,1759,1759,3504
24,45,1759,1759,3504
24,45,1759,1759,3504
24,45,1759,1759,3504
24,45,1759,1759,3504
24,45,1759,1759,3504
24,45,1759,1759,3504
24,45,1759,1759,3504
24,45,1759,1759,3504
24,45,1759,1759,3504
24,45,1759,1759,3504
24,45,1759,1759,3504
24,45,1759,1759,3504
24,45,1759,1759,3504
24,45,1759,1759,3504
24,45,1759,1759,3504
24,45,1759,1759,3504
24,45,1759,1759,3504
24,45,1759,1759,3504
24,45,1759,1759,3504
24,45,1759,1759,3504
24,45,1759,1759,3504
24,45,1759,1759,3504
24,45,1759,1759,3504
24,45,1759,1759,3504
24,45,1759,1759,3504
24,45,1759,1759,3504
24,45,1759,1759,3504
24,45,1759,1759,3504
24,45,1759,1759,3504
24,45,1759,1759,3504
24,45,1759,1759,3504
24,45,1759,1759,3504
24,45,1759,1759,3504
24,45,1759,1759,3504
24,45,1759,1759,3504
24,45,1759,1759,3504
24,46,1759,1759,3504
24,46,1759,1759,3504
24,46,1759,1759,3504
24,46,1759,1759,3504
24,46,1759,1759,3504
24,46,1759,1759,3504
24,46,1759,1759,3504
24,46,1759,1759,3504
24,46,1759,1759,3504
24,46,1759,1759,3504
24,46,1759,1759,3504
24,46,1759,1759,3504
24,46,1759,1759,3504
24,46,1759,1759,3504
24,46,1759,1759,3504
24,46,1759,1759,3504
24,46,1759,1759,3504
24,46,1759,1759,3504
24,46,1759,1759,3504
24,46,1759,1759,3504
24,46,1759,1759,3504
24,46,1759,1759,3504
24,46,1759,1759,3504
24,46,1759,1759,3504
24,46,1759,1759,3504
24,46,1759,1759,3504
24,46,1759,1759,3504
24,46,1759,1759,3504
24,46,1759,1759,3504
24,46,1759,1759,3504
24,46,1759,1759,3504
24,46,1759,1759,3504
24,46,1759,1759,3504
24,46,1759,1759,3504
24,46,1759,1759,3504
24,46,1759,1759,3504
24,46,1759,1759,3504
24,46,1759,1759,3504
24,46,1759,1759,3504
24,46,1759,1759,3504
24,46,1759,1759,3504
24,46,1759,1759,3504
24,46,1759,1759,3504
24,46,1759,1759,3504
24,46,1759,1759,3504
24,46,1759,1759,3504
24,46,1759,1759,3504
24,46,1759,1759,3504
24,46,1759,1759,3504
24,46,1759,1759,3504
24,46,1759,1759,3504
24,46,1759,1759,3504
24,46,1759,1759,3504
24,47,1759,1759,3504
24,47,1759,1759,3504
24,47,1759,1759,3504
24,46,1759,1759,3504
24,46,1759,1759,3504
24,46,1759,1759,3504
24,47,1759,1759,3504
24,47,1759,1759,3504
24,47,1759,1759,3504
24,47,1759,1759,3504
24,47,1759,1759,3504
24,47,1759,1759,3504
24,47,1759,1759,3504
24,47,1759,1759,3504
24,47,1759,1759,3504
24,47,1759,1759,3504
24,47,1759,1759,3504
24,47,1759,1759,3504
24,47,1759,1759,3504
24,47,1759,1759,3504
24,47,1759,1759,3504
24,47,1759,1759,3504
24,47,1759,1759,3504
24,47,1759,1759,3504
25,47,1759,1759,3504
25,47,1759,1759,3504
25,47,1759,1759,3504
25,47,1759,1759,3504
25,47,1759,1759,3504
25,47,1759,1759,3504
25,47,1759,1759,3504
25,47,1759,1759,3504
25,47,1759,1759,3504
25,47,1759,1759,3504
25,47,1759,1759,3504
25,47,1759,1759,3504
25,47,1759,1759,3504
25,47,1759,1759,3504
24,47,1759,1759,3504
24,47,1759,1759,3504
25,47,1759,1759,3504
25,47,1759,1759,3504
25,47,1759,1759,3504
25,47,1759,1759,3504
25,47,1759,1759,3504
25,47,1759,1759,3504
25,47,1759,1759,3504
25,47,1759,1759,3504
25,47,1759,1759,3504
25,47,1759,1759,3504
25,47,1759,1759,3504
25,47,1759,1759,3504
25,47,1759,1759,3504
25,47,1759,1759,3504
25,47,1759,1759,3504
25,47,1759,1759,3504
25,47,1759,1759,3504
25,47,1759,1759,3504
25,47,1759,1759,3504
25,47,1759,1759,3504
25,47,1759,1759,3504
25,47,1759,1759,3504
25,47,1759,1759,3504
25,47,1759,1759,3504
25,47,1759,1759,3504
25,47,1759,1759,3504
25,47,1759,1759,3504
25,47,1759,1759,3504
25,47,1759,1759,3504
25,48,1759,1759,3504
25,48,1759,1759,3504
25,48,1759,1759,3504
25,48,1759,1759,3504
25,48,1759,1759,3504
25,48,1759,1759,3504
25,48,1759,1759,3504
25,48,1759,1759,3504
25,48,1759,1759,3504
25,48,1759,1759,3504
25,48,1759,1759,3504
25,48,1759,1759,3504
25,48,1759,1759,3504
25,48,1759,1759,3504
25,48,1759,1759,3504
25,48,1759,1759,3504
25,48,1759,1759,3504
25,48,1759,1759,3504
25,48,1759,1759,3504
25,48,1759,1759,3504
25,48,1759,1759,3504
25,48,1759,1759,3504
25,48,1759,1759,3504
25,48,1759,1759,3504
25,48,1759,1759,3504
25,48,1759,1759,3504
25,48,1759,1759,3504
25,48,1759,1759,3504
25,48,1759,1759,3504
25,48,1759,1759,3504
25,48,1759,1759,3504
25,48,1759,1759,3504
25,48,1759,1759,3504
25,48,1759,1759,3504
25,48,1759,1759,3504
25,48,1759,1759,3504
25,48,1759,1759,3504
25,48,1759,1759,3504
25,48,1759,1759,3504
25,48,1759,1759,3504
25,48,1759,1759,3504
25,48,1759,1759,3504
25,48,1759,1759,3504
25,48,1759,1759,3504
25,48,1759,1759,3504
25,48,1759,1759,3504
25,48,1759,1759,3504
25,48,1759,1759,3504
25,48,1759,1759,3504
25,48,1759,1759,3504
25,48,1759,1759,3504
25,48,1759,1759,3504
25,48,1759,1759,3504
25,48,1759,1759,3504
25,48,1759,1759,3504
25,48,1759,1759,3504
25,48,1759,1759,3504
25,48,1759,1759,3504
25,48,1759,1759,3504
25,48,1759,1759,3504
25,48,1759,1759,3504
25,48,1759,1759,3504
25,48,1759,1759,3504
25,48,1759,1759,3504
25,48,1759,1759,3504
25,48,1759,1759,3504
25,49,1759,1759,3504
25,49,1759,1759,3504
25,49,1759,1759,3504
25,49,1759,1759,3504
25,49,1759,1759,3504
25,49,1759,1759,3504
25,49,1759,1759,3504
25,49,1759,1759,3504
25,49,1759,1759,3504
25,49,1759,1759,3504
25,49,1759,1759,3504
25,49,1759,1759,3504
25,49,1759,1759,3504
25,49,1759,1759,3504
25,49,1759,1759,3504
25,49,1759,1759,3504
25,49,1759,1759,3504
25,49,1759,1759,3504
25,49,1759,1759,3504
25,49,1759,1759,3504
25,49,1759,1759,3504
25,49,1759,1759,3504
25,49,1759,1759,3504
25,49,1759,1759,3504
25,49,1759,1759,3504
25,49,1759,1759,3504
25,49,1759,1759,3504
25,49,1759,1759,3504
25,49,1759,1759,3504
25,49,1759,1759,3504
25,49,1759,1759,3504
25,49,1759,1759,3504
25,49,1759,1759,3504
25,49,1759,1759,3504
25,49,1759,1759,3504
25,49,1759,1759,3504
25,49,1759,1759,3504
25,49,1759,1759,3504
25,49,1759,1759,3504
25,49,1759,1759,3504
25,49,1759,1759,3504
25,49,1759,1759,3504
25,49,1759,1759,3504
25,49,1759,1759,3504
25,49,1759,1759,3504
25,49,1759,1759,3504
25,49,1759,1759,3504
25,49,1759,1759,3504
25,49,1759,1759,3504
25,49,1759,1759,3504
25,49,1759,1759,3504
25,49,1759,1759,3504
25,49,1759,1759,3504
25,49,1759,1759,3504
25,49,1759,1759,3504
25,49,1759,1759,3504
25,49,1759,1759,3504
25,49,1759,1759,3504
25,49,1759,1759,3504
25,49,1759,1759,3504
25,49,1759,1759,3504
25,49,1759,1759,3504
25,49,1759,1759,3504
25,49,1759,1759,3504
25,49,1759,1759,3504
25,49,1759,1759,3504
25,49,1759,1759,3504
25,50,1759,1759,3504
25,50,1759,1759,3504
25,50,1759,1759,3504
25,50,1759,1759,3504
25,50,1759,1759,3504
25,50,1759,1759,3504
25,50,1759,1759,3504
25,50,1759,1759,3504
25,50,1759,1759,3504
25,50,1759,1759,3504
25,50,1759,1759,3504
25,50,1759,1759,3504
25,50,1759,1759,3504
25,50,1759,1759,3504
25,50,1759,1759,3504
25,50,1759,1759,3504
25,50,1759,1759,3504
25,50,1759,1759,3504
25,50,1759,1759,3504
25,50,1759,1759,3504
25,50,1759,1759,3504
25,50,1759,1759,3504
25,50,1759,1759,3504
25,50,1759,1759,3504
25,50,1759,1759,3504
25,50,1759,1759,3504
25,50,1759,1759,3504
25,50,1759,1759,3504
25,50,1759,1759,3504
25,50,1759,1759,3504
25,50,1759,1759,3504
25,50,1759,1759,3504
25,50,1759,1759,3504
25,50,1759,1759,3504
25,50,1759,1759,3504
25,50,1759,1759,3504
25,50,1759,1759,3504
25,50,1759,1759,3504
25,50,1759,1759,3504
25,50,1759,1759,3504
25,50,1759,1759,3504
25,50,1759,1759,3504
25,50,1759,1759,3504
25,50,1759,1759,3504
25,50,1759,1759,3504
25,50,1759,1759,3504
25,50,1759,1759,3504
25,50,1759,1759,3504
25,50,1759,1759,3504
25,50,1759,1759,3504
25,50,1759,1759,3504
25,50,1759,1759,3504
25,50,1759,1759,3504
25,50,1759,1759,3504
25,50,1759,1759,3504
25,50,1759,1759,3504
25,50,1759,1759,3504
25,50,1759,1759,3504
25,50,1759,1759,3504
25,50,1759,1759,3504
25,50,1759,1759,3504
25,50,1759,1759,3504
25,50,1759,1759,3504
25,50,1759,1759,3504
25,50,1759,1759,3504
25,50,1759,1759,3504
25,50,1759,1759,3504
25,50,1759,1759,3504
25,50,1759,1759,3504
25,50,1759,1759,3504
25,50,1759,1759,3504
25,50,1759,1759,3504
25,51,1759,1759,3504
25,51,1759,1759,3504
25,51,1759,1759,3504
25,51,1759,1759,3504
25,51,1759,1759,3504
25,51,1759,1759,3504
25,51,1759,1759,3504
25,51,1759,1759,3504
25,51,1759,1759,3504
25,51,1759,1759,3504
25,51,1759,1759,3504
25,51,1759,1759,3504
25,51,1759,1759,3504
25,51,1759,1759,3504
25,51,1759,1759,3504
25,51,1759,1759,3504
25,51,1759,1759,3504
25,51,1759,1759,3504
25,51,1759,1759,3504
25,51,1759,1759,3504
25,51,1759,1759,3504
25,51,1759,1759,3504
25,51,1759,1759,3504
25,51,1759,1759,3504
25,51,1759,1759,3504
25,51,1759,1759,3504
25,51,1759,1759,3504
25,51,1759,1759,3504
25,51,1759,1759,3504
25,51,1759,1759,3504
25,51,1759,1759,3504
25,51,1759,1759,3504
25,51,1759,1759,3504
25,51,1759,1759,3504
25,51,1759,1759,3504
25,51,1759,1759,3504
25,51,1759,1759,3504
25,51,1759,1759,3504
25,51,1759,1759,3504
25,51,1759,1759,3504
25,51,1759,1759,3504
25,51,1759,1759,3504
25,51,1759,1759,3504
25,51,1759,1759,3504
25,51,1759,1759,3504
25,51,1759,1759,3504
25,51,1759,1759,3504
25,51,1759,1759,3504
25,51,1759,1759,3504
25,51,1759,1759,3504
25,51,1759,1759,3504
25,51,1759,1759,3504
25,51,1759,1759,3504
25,51,1759,1759,3504
25,51,1759,1759,3504
25,51,1759,1759,3504
25,51,1759,1759,3504
25,51,1759,1759,3504
25,51,1759,1759,3504
25,51,1759,1759,3504
25,51,1759,1759,3504
25,51,1759,1759,3504
25,51,1759,1759,3504
25,51,1759,1759,3504
25,51,1759,1759,3504
25,51,1759,1759,3504
25,51,1759,1759,3504
25,51,1759,1759,3504
25,51,1759,1759,3504
25,51,1759,1759,3504
25,51,1759,1759,3504
25,51,1759,1759,3504
25,51,1759,1759,3504
25,51,1759,1759,3504
25,51,1759,1759,3504
25,52,1759,1759,3504
25,52,1759,1759,3504
25,52,1759,1759,3504
25,52,1759,1759,3504
25,52,1759,1759,3504
25,52,1759,1759,3504
25,52,1759,1759,3504
25,52,1759,1759,3504
25,52,1759,1759,3504
25,52,1759,1759,3504
25,52,1759,1759,3504
25,52,1759,1759,3504
25,52,1759,1759,3504
25,52,1759,1759,3504
25,52,1759,1759,3504
25,52,1759,1759,3504
25,52,1759,1759,3504
25,52,1759,1759,3504
25,52,1759,1759,3504
25,52,1759,1759,3504
25,52,1759,1759,3504
25,52,1759,1759,3504
25,52,1759,1759,3504
25,52,1759,1759,3504
25,52,1759,1759,3504
25,52,1759,1759,3504
25,52,1759,1759,3504
25,52,1759,1759,3504
25,52,1759,1759,3504
25,52,1759,1759,3504
25,52,1759,1759,3504
25,52,1759,1759,3504
25,52,1759,1759,3504
25,52,1759,1759,3504
25,52,1759,1759,3504
25,52,1759,1759,3504
25,52,1759,1759,3504
25,52,1759,1759,3504
25,52,1759,1759,3504
25,52,1759,1759,3504
25,52,1759,1759,3504
25,52,1759,1759,3504
25,52,1759,1759,3504
25,52,1759,1759,3504
25,52,1759,1759,3504
25,52,1759,1759,3504
25,52,1759,1759,3504
25,52,1759,1759,3504
25,52,1759,1759,3504
25,52,1759,1759,3504
25,52,1759,1759,3504
25,52,1759,1759,3504
25,52,1759,1759,3504
25,52,1759,1759,3504
25,52,1759,1759,3504
25,52,1759,1759,3504
25,52,1759,1759,3504
25,52,1759,1759,3504
25,52,1759,1759,3504
25,52,1759,1759,3504
25,52,1759,1759,3504
25,52,1759,1759,3504
25,52,1759,1759,3504
25,52,1759,1759,3504
25,52,1759,1759,3504
25,52,1759,1759,3504
25,52,1759,1759,3504
25,52,1759,1759,3504
25,52,1759,1759,3504
25,52,1759,1759,3504
25,52,1759,1759,3504
25,52,1759,1759,3504
25,52,1759,1759,3504
25,52,1759,1759,3504
25,52,1759,1759,3504
25,52,1759,1759,3504
25,52,1759,1759,3504
25,52,1759,1759,3504
25,52,1759,1759,3504
25,52,1759,1759,3504
25,52,1759,1759,3504
25,52,1759,1759,3504
25,52,1759,1759,3504
25,52,1759,1759,3504
25,52,1759,1759,3504
25,52,1759,1759,3504
25,52,1759,1759,3504
25,52,1759,1759,3504
25,52,1759,1759,3504
25,52,1759,1759,3504
25,52,1759,1759,3504
25,52,1759,1759,3504
25,52,1759,1759,3504
25,52,1759,1759,3504
25,52,1759,1759,3504
25,52,1759,1759,3504
25,52,1759,1759,3504
25,52,1759,1759,3504
25,52,1759,1759,3504
25,52,1759,1759,3504
25,53,1759,1759,3504
25,53,1759,1759,3504
25,53,1759,1759,3504
25,53,1759,1759,3504
25,53,1759,1759,3504
25,53,1759,1759,3504
25,53,1759,1759,3504
25,53,1759,1759,3504
25,53,1759,1759,3504
25,53,1759,1759,3504
25,53,1759,1759,3504
25,53,1759,1759,3504
25,53,1759,1759,3504
25,53,1759,1759,3504
25,53,1759,1759,3504
25,53,1759,1759,3504
25,53,1759,1759,3504
25,53,1759,1759,3504
25,53,1759,1759,3504
25,53,1759,1759,3504
25,53,1759,1759,3504
25,53,1759,1759,3504
25,53,1759,1759,3504
25,53,1759,1759,3504
25,53,1759,1759,3504
25,53,1759,1759,3504
25,53,1759,1759,3504
25,53,1759,1759,3504
25,53,1759,1759,3504
25,53,1759,1759,3504
25,53,1759,1759,3504
25,53,1759,1759,3504
25,53,1759,1759,3504
25,53,1759,1759,3504
25,53,1759,1759,3504
25,53,1759,1759,3504
25,53,1759,1759,3504
25,53,1759,1759,3504
25,53,1759,1759,3504
25,53,1759,1759,3504
25,53,1759,1759,3504
25,53,1759,1759,3504
25,53,1759,1759,3504
25,53,1759,1759,3504
25,53,1759,1759,3504
25,53,1759,1759,3504
25,53,1759,1759,3504
25,53,1759,1759,3504
25,53,1759,1759,3504
25,53,1759,1759,3504
25,53,1759,1759,3504
25,53,1759,1759,3504
25,53,1759,1759,3504
25,53,1759,1759,3504
25,53,1759,1759,3504
25,53,1759,1759,3504
25,53,1759,1759,3504
25,53,1759,1759,3504
25,53,1759,1759,3504
25,53,1759,1759,3504
25,53,1759,1759,3504
25,53,1759,1759,3504
25,53,1759,1759,3504
25,53,1759,1759,3504
25,53,1759,1759,3504
25,53,1759,1759,3504
25,53,1759,1759,3504
25,53,1759,1759,3504
25,53,1759,1759,3504
25,53,1759,1759,3504
25,53,1759,1759,3504
25,53,1759,1759,3504
25,53,1759,1759,3504
25,53,1759,1759,3504
25,54,1759,1759,3504
25,54,1759,1759,3504
25,54,1759,1759,3504
25,53,1759,1759,3504
25,53,1759,1759,3504
25,53,1759,1759,3504
25,53,1759,1759,3504
25,53,1759,1759,3504
25,53,1759,1759,3504
25,53,1759,1759,3504
25,54,1759,1759,3504
25,54,1759,1759,3504
25,54,1759,1759,3504
25,53,1759,1759,3504
25,53,1759,1759,3504
25,53,1759,1759,3504
25,54,1759,1759,3504
25,54,1759,1759,3504
25,54,1759,1759,3504
25,54,1759,1759,3504
25,54,1759,1759,3504
25,54,1759,1759,3504
25,54,1759,1759,3504
25,54,1759,1759,3504
25,54,1759,1759,3504
25,54,1759,1759,3504
25,54,1759,1759,3504
25,54,1759,1759,3504
25,54,1759,1759,3504
25,54,1759,1759,3504
25,54,1759,1759,3504
25,54,1759,1759,3504
25,54,1759,1759,3504
25,54,1759,1759,3504
25,54,1759,1759,3504
25,54,1759,1759,3504
25,54,1759,1759,3504
25,54,1759,1759,3504
25,54,1759,1759,3504
25,54,1759,1759,3504
25,54,1759,1759,3504
25,54,1759,1759,3504
25,54,1759,1759,3504
25,54,1759,1759,3504
25,54,1759,1759,3504
25,54,1759,1759,3504
25,54,1759,1759,3504
25,54,1759,1759,3504
25,54,1759,1759,3504
25,54,1759,1759,3504
25,54,1759,1759,3504
25,54,1759,1759,3504
25,54,1759,1759,3504
25,54,1759,1759,3504
25,54,1759,1759,3504
25,54,1759,1759,3504
25,54,1759,1759,3504
25,54,1759,1759,3504
25,54,1759,1759,3504
25,54,1759,1759,3504
25,54,1759,1759,3504
25,54,1759,1759,3504
25,54,1759,1759,3504
25,54,1759,1759,3504
25,54,1759,1759,3504
25,54,1759,1759,3504
25,54,1759,1759,3504
25,54,1759,1759,3504
25,54,1759,1759,3504
25,54,1759,1759,3504
25,54,1759,1759,3504
25,54,1759,1759,3504
25,54,1759,1759,3504
25,54,1759,1759,3504
25,54,1759,1759,3504
25,54,1759,1759,3504
25,54,1759,1759,3504
25,54,1759,1759,3504
25,54,1759,1759,3504
25,54,1759,1759,3504
25,54,1759,1759,3504
25,54,1759,1759,3504
25,54,1759,1759,3504
25,54,1759,1759,3504
25,54,1759,1759,3504
25,54,1759,1759,3504
25,54,1759,1759,3504
25,54,1759,1759,3504
25,54,1759,1759,3504
25,54,1759,1759,3504
25,54,1759,1759,3504
25,54,1759,1759,3504
25,54,1759,1759,3504
25,54,1759,1746,3504
25,54,1746,1746,3504
25,54,1746,1746,3504
25,54,1746,1746,3504
25,54,1746,1746,3504
25,54,1746,1746,3504
25,54,1746,1746,3504
25,54,1746,1746,3504
25,54,1746,1746,3504
25,54,1746,1746,3504
25,54,1746,1746,3504
25,54,1746,1746,3504
25,54,1746,1746,3504
25,54,1746,1746,3504
25,54,1746,1746,3504
25,54,1746,1746,3504
25,54,1746,1746,3504
25,54,1746,1746,3504
25,54,1746,1746,3504
25,54,1746,1746,3504
25,54,1746,1746,3504
25,54,1746,1746,3504
25,54,1746,1746,3504
25,54,1746,1746,3504
25,54,1746,1746,3504
25,54,1746,1746,3504
25,54,1746,1746,3504
25,54,1746,1746,3504
25,54,1746,1746,3504
25,54,1746,1746,3504
25,54,1746,1746,3504
25,54,1746,1746,3504
25,54,1746,1746,3504
25,54,1746,1746,3504
25,54,1746,1746,3504
25,54,1746,1746,3504
25,54,1746,1746,3504
25,54,1746,1746,3504
25,54,1746,1746,3504
25,54,1746,1746,3504
25,54,1746,1746,3504
25,54,1746,1746,3504
25,54,1746,1746,3504
25,54,1746,1746,3504
25,54,1746,1746,3504
25,54,1746,1746,3504
25,54,1746,1746,3504
25,54,1746,1746,3504
25,54,1746,1746,3504
25,54,1746,1746,3504
25,54,1746,1746,3504
25,54,1746,1746,3504
25,54,1746,1746,3504
25,55,1746,1746,3504
25,55,1746,1746,3504
25,55,1746,1746,3504
25,55,1746,1746,3504
25,55,1746,1746,3504
25,55,1746,1746,3504
25,55,1746,1746,3504
25,55,1746,1746,3504
25,55,1746,1746,3504
25,55,1746,1746,3504
25,55,1746,1746,3504
25,55,1746,1746,3504
25,55,1746,1746,3504
25,55,1746,1746,3504
25,55,1746,1746,3504
25,55,1746,1746,3504
25,55,1746,1746,3504
25,55,1746,1746,3504
25,55,1746,1746,3504
25,55,1746,1746,3504
25,55,1746,1746,3504
25,55,1746,1746,3504
25,55,1746,1746,3504
25,55,1746,1746,3504
25,55,1746,1746,3504
25,55,1746,1746,3504
25,55,1746,1746,3504
25,55,1746,1746,3504
25,55,1746,1746,3504
25,55,1746,1746,3504
25,55,1746,1746,3504
25,55,1746,1746,3504
25,55,1746,1746,3504
25,55,1746,1746,3504
25,55,1746,1746,3504
25,55,1746,1746,3504
25,55,1746,1746,3504
25,55,1746,1746,3504
25,55,1746,1746,3504
25,55,1746,1746,3504
25,55,1746,1746,3504
25,55,1746,1746,3504
25,55,1746,1746,3504
25,55,1746,1746,3504
25,55,1746,1746,3504
25,55,1746,1746,3504
25,55,1746,1746,3504
25,55,1746,1746,3504
25,55,1746,1746,3504
25,55,1746,1746,3504
25,55,1746,1746,3504
25,55,1746,1746,3504
25,55,1746,1746,3504
25,55,1746,1746,3504
25,55,1746,1746,3504
25,55,1746,1746,3504
25,55,1746,1746,3504
25,55,1746,1746,3504
25,55,1746,1746,3504
25,55,1746,1746,3504
25,55,1746,1746,3504
25,55,1746,1746,3504
25,55,1746,1746,3504
25,55,1746,1746,3504
25,55,1746,1746,3504
25,55,1746,1746,3504
25,55,1746,1746,3504
25,55,1746,1746,3504
25,55,1746,1746,3504
25,55,1746,1746,3504
25,55,1746,1746,3504
25,55,1746,1746,3504
25,55,1746,1746,3504
25,55,1746,1746,3504
25,55,1746,1746,3504
25,55,1746,1746,3504
25,55,1746,1746,3504
25,55,1746,1746,3504
25,55,1746,1746,3504
25,55,1746,1746,3504
25,55,1746,1746,3504
25,55,1746,1746,3504
25,55,1746,1746,3504
25,55,1746,1746,3504
25,55,1746,1746,3504
25,55,1746,1746,3504
25,55,1746,1746,3504
25,55,1746,1746,3504
25,55,1746,1746,3504
25,55,1746,1746,3504
25,55,1746,1746,3504
25,55,1746,1746,3504
25,55,1746,1746,3504
25,55,1746,1746,3504
25,55,1746,1746,3504
25,55,1746,1746,3504
25,55,1746,1746,3504
25,55,1746,1746,3504
25,55,1746,1746,3504
25,55,1746,1746,3504
25,55,1746,1746,3504
25,55,1746,1746,3504
25,55,1746,1746,3504
25,55,1746,1746,3504
25,55,1746,1746,3504
25,55,1746,1746,3504
25,55,1746,1746,3504
25,55,1746,1746,3504
25,55,1746,1746,3504
25,55,1746,1746,3504
25,55,1746,1746,3504
25,55,1746,1746,3504
25,55,1746,1746,3504
25,55,1746,1746,3504
25,55,1746,1746,3504
25,55,1746,1746,3504
25,55,1746,1746,3504
25,55,1746,1746,3504
25,55,1746,1746,3504
25,55,1746,1746,3504
25,55,1746,1746,3504
25,55,1746,1746,3504
25,55,1746,1746,3504
25,55,1746,1746,3504
25,55,1746,1746,3504
25,55,1746,1746,3504
25,55,1746,1746,3504
25,55,1746,1746,3504
25,55,1746,1746,3504
25,55,1746,1746,3504
25,55,1746,1746,3504
25,55,1746,1746,3504
25,55,1746,1746,3504
25,55,1746,1746,3504
25,55,1746,1746,3504
25,55,1746,1746,3504
25,55,1746,1746,3504
25,55,1746,1746,3504
25,55,1746,1746,3504
25,55,1746,1746,3504
25,55,1746,1746,3504
25,55,1746,1746,3504
25,55,1746,1746,3504
25,55,1746,1746,3504
25,55,1746,1746,3504
25,55,1746,1746,3504
25,55,1746,1746,3504
25,55,1746,1746,3504
25,55,1746,1746,3504
25,56,1746,1746,3504
25,56,1746,1746,3504
25,56,1746,1746,3504
25,56,1746,1746,3504
25,56,1746,1746,3504
25,56,1746,1746,3504
25,56,1746,1746,3504
25,56,1746,1746,3504
25,56,1746,1746,3504
25,56,1746,1746,3504
25,56,1746,1746,3504
25,56,1746,1746,3504
25,56,1746,1746,3504
25,56,1746,1746,3504
25,56,1746,1746,3504
25,56,1746,1746,3504
25,56,1746,1746,3504
25,56,1746,1746,3504
25,56,1746,1746,3504
25,56,1746,1746,3504
25,56,1746,1746,3504
25,56,1746,1746,3504
25,56,1746,1746,3504
25,56,1746,1746,3504
25,56,1746,1746,3504
25,56,1746,1746,3504
25,56,1746,1746,3504
25,56,1746,1746,3504
25,56,1746,1746,3504
25,56,1746,1746,3504
25,56,1746,1746,3504
25,56,1746,1746,3504
25,56,1746,1746,3504
25,56,1746,1746,3504
25,56,1746,1746,3504
25,56,1746,1746,3504
25,56,1746,1746,3504
25,56,1746,1746,3504
25,56,1746,1746,3504
25,56,1746,1746,3504
25,56,1746,1746,3504
25,56,1746,1746,3504
25,56,1746,1746,3504
25,56,1746,1746,3504
25,56,1746,1746,3504
25,56,1746,1746,3504
25,56,1746,1746,3504
25,56,1746,1746,3504
25,56,1746,1746,3504
25,56,1746,1746,3504
25,56,1746,1746,3504
25,56,1746,1746,3504
25,56,1746,1746,3504
25,56,1746,1746,3504
25,56,1746,1746,3504
25,56,1746,1746,3504
25,56,1746,1746,3504
25,56,1746,1746,3504
25,56,1746,1746,3504
25,56,1746,1746,3504
25,56,1746,1746,3504
25,56,1746,1746,3504
25,56,1746,1746,3504
25,56,1746,1746,3504
25,56,1746,1746,3504
25,56,1746,1746,3504
25,56,1746,1746,3504
25,56,1746,1746,3504
25,56,1746,1746,3504
25,56,1746,1746,3504
25,56,1746,1746,3504
25,56,1746,1746,3504
25,56,1746,1746,3504
25,56,1746,1746,3504
25,56,1746,1746,3504
25,56,1746,1746,3504
25,56,1746,1746,3504
25,56,1746,1746,3504
25,56,1746,1746,3504
25,56,1746,1746,3504
25,56,1746,1746,3504
25,56,1746,1746,3504
25,56,1746,1746,3504
25,56,1746,1746,3504
25,56,1746,1746,3504
25,56,1746,1746,3504
25,56,1746,1746,3504
25,56,1746,1746,3504
25,56,1746,1746,3504
25,56,1746,1746,3504
25,56,1746,1746,3504
25,56,1746,1746,3504
25,56,1746,1746,3504
25,56,1746,1746,3504
25,56,1746,1746,3504
25,56,1746,1746,3504
25,56,1746,1746,3504
25,56,1746,1746,3504
25,56,1746,1746,3504
25,56,1746,1746,3504
25,56,1746,1746,3504
25,56,1746,1746,3504
25,56,1746,1746,3504
25,56,1746,1746,3504
25,56,1746,1746,3504
25,56,1746,1746,3504
25,56,1746,1746,3504
25,56,1746,1746,3504
25,56,1746,1746,3504
25,56,1746,1746,3504
25,56,1746,1746,3504
25,56,1746,1746,3504
25,56,1746,1746,3504
25,56,1746,1746,3504
25,56,1746,1746,3504
25,56,1746,1746,3504
25,56,1746,1746,3504
25,56,1746,1746,3504
25,56,1746,1746,3504
25,56,1746,1746,3504
25,56,1746,1746,3504
25,56,1746,1746,3504
25,56,1746,1746,3504
25,56,1746,1746,3504
25,56,1746,1746,3504
25,56,1746,1746,3504
25,56,1746,1746,3504
25,56,1746,1746,3504
25,56,1746,1746,3504
25,56,1746,1746,3504
25,56,1746,1746,3504
25,56,1746,1746,3504
25,56,1746,1746,3504
25,56,1746,1746,3504
25,56,1746,1746,3504
25,56,1746,1746,3504
25,56,1746,1746,3504
25,56,1746,1746,3504
25,56,1746,1746,3504
25,56,1746,1746,3504
25,56,1746,1746,3504
25,56,1746,1746,3504
25,56,1746,1746,3504
25,56,1746,1746,3504
25,56,1746,1746,3504
25,56,1746,1746,3504
25,56,1746,1746,3504
25,57,1746,1746,3504
25,57,1746,1746,3504
25,57,1746,1746,3504
25,56,1746,1746,3504
25,56,1746,1746,3504
25,57,1746,1746,3504
25,57,1746,1746,3504
25,57,1746,1746,3504
25,57,1746,1746,3504
25,57,1746,1746,3504
25,57,1746,1746,3504
25,57,1746,1746,3504
25,57,1746,1746,3504
25,57,1746,1746,3504
25,57,1746,1746,3504
25,57,1746,1746,3504
25,57,1746,1746,3504
25,57,1746,1746,3504
25,57,1746,1746,3504
25,57,1746,1746,3504
25,57,1746,1746,3504
25,57,1746,1746,3504
25,57,1746,1746,3504
25,57,1746,1746,3504
25,57,1746,1746,3504
25,57,1746,1746,3504
25,57,1746,1746,3504
25,57,1746,1746,3504
25,57,1746,1746,3504
25,57,1746,1746,3504
25,57,1746,1746,3504
25,57,1746,1746,3504
25,57,1746,1746,3504
25,57,1746,1746,3504
25,57,1746,1746,3504
25,57,1746,1746,3504
25,57,1746,1746,3504
25,57,1746,1746,3504
25,57,1746,1746,3504
25,57,1746,1746,3504
25,57,1746,1746,3504
25,57,1746,1746,3504
25,57,1746,1746,3504
25,57,1746,1746,3504
25,57,1746,1746,3504
25,57,1746,1746,3504
25,57,1746,1746,3504
25,57,1746,1746,3504
25,57,1746,1746,3504
25,57,1746,1746,3504
25,57,1746,1746,3504
25,57,1746,1746,3504
25,57,1746,1746,3504
25,57,1746,1746,3504
25,57,1746,1746,3504
25,57,1746,1746,3504
25,57,1746,1746,3504
25,57,1746,1746,3504
25,57,1746,1746,3504
25,57,1746,1746,3504
25,57,1746,1746,3504
25,57,1746,1746,3504
25,57,1746,1746,3504
25,57,1746,1746,3504
25,57,1746,1746,3504
25,57,1746,1746,3504
25,57,1746,1746,3504
25,57,1746,1746,3504
25,57,1746,1746,3504
25,57,1746,1746,3504
25,57,1746,1746,3504
25,57,1746,1746,3504
25,57,1746,1746,3504
25,57,1746,1746,3504
25,57,1746,1746,3504
25,57,1746,1746,3504
25,57,1746,1746,3504
25,57,1746,1746,3504
25,57,1746,1746,3504
25,57,1746,1746,3504
25,57,1746,1746,3504
25,57,1746,1746,3504
25,57,1746,1746,3504
25,57,1746,1746,3504
25,57,1746,1746,3504
25,57,1746,1746,3504
25,57,1746,1746,3504
25,57,1746,1746,3504
25,57,1746,1746,3504
25,57,1746,1746,3504
25,57,1746,1746,3504
25,57,1746,1746,3504
25,57,1746,1746,3504
25,57,1746,1746,3504
25,57,1746,1746,3504
25,57,1746,1746,3504
25,57,1746,1746,3504
25,57,1746,1746,3504
25,57,1746,1746,3504
25,57,1746,1746,3504
25,57,1746,1746,3504
25,57,1746,1746,3504
25,57,1746,1746,3504
25,57,1746,1746,3504
25,57,1746,1746,3504
25,57,1746,1746,3504
25,57,1746,1746,3504
25,57,1746,1746,3504
25,57,1746,1746,3504
25,57,1746,1746,3504
25,57,1746,1746,3504
25,57,1746,1746,3504
25,57,1746,1746,3504
25,57,1746,1746,3504
25,57,1746,1746,3504
25,57,1746,1746,3504
25,57,1746,1746,3504
25,57,1746,1746,3504
25,57,1746,1746,3504
25,57,1746,1746,3504
25,57,1746,1746,3504
25,57,1746,1746,3504
25,57,1746,1746,3504
25,57,1746,1746,3504
25,57,1746,1746,3504
25,57,1746,1746,3504
25,57,1746,1746,3504
25,57,1746,1746,3504
25,58,1746,1746,3504
25,58,1746,1746,3504
25,58,1746,1746,3504
25,58,1746,1746,3504
25,58,1746,1746,3504
25,58,1746,1746,3504
25,57,1746,1746,3504
25,57,1746,1746,3504
25,57,1746,1746,3504
25,57,1746,1746,3504
25,57,1746,1746,3504
25,57,1746,1746,3504
25,57,1746,1746,3504
25,57,1746,1746,3504
25,57,1746,1746,3504
25,57,1746,1746,3504
25,57,1746,1746,3504
25,57,1746,1746,3504
25,57,1746,1746,3504
25,57,1746,1746,3504
25,57,1746,1746,3504
25,57,1746,1746,3504
25,57,1746,1746,3504
25,58,1746,1746,3504
25,58,1746,1746,3504
25,58,1746,1746,3504
25,57,1746,1746,3504
25,57,1746,1746,3504
25,57,1746,1746,3504
25,57,1746,1746,3504
25,58,1746,1746,3504
25,58,1746,1746,3504
25,58,1746,1746,3504
25,58,1746,1746,3504
25,58,1746,1746,3504
25,58,1746,1746,3504
25,58,1746,1746,3504
25,58,1746,1746,3504
25,58,1746,1746,3504
25,58,1746,1746,3504
25,58,1746,1746,3504
25,58,1746,1746,3504
25,58,1746,1746,3504
25,58,1746,1746,3504
25,58,1746,1746,3504
25,58,1746,1746,3504
25,58,1746,1746,3504
25,58,1746,1746,3504
25,58,1746,1746,3504
25,58,1746,1746,3504
25,58,1746,1746,3504
25,58,1746,1746,3504
25,58,1746,1746,3504
25,58,1746,1746,3504
25,58,1746,1746,3504
25,58,1746,1746,3504
25,58,1746,1746,3504
25,58,1746,1746,3504
25,58,1746,1746,3504
25,58,1746,1746,3504
25,58,1746,1746,3504
25,58,1746,1746,3504
25,58,1746,1746,3504
25,58,1746,1746,3504
25,58,1746,1746,3504
25,58,1746,1746,3504
25,58,1746,1746,3504
25,58,1746,1746,3504
25,58,1746,1746,3504
25,58,1746,1746,3504
25,58,1746,1746,3504
25,58,1746,1746,3504
25,58,1746,1746,3504
25,58,1746,1746,3504
25,58,1746,1746,3504
25,58,1746,1746,3504
25,58,1746,1746,3504
25,58,1746,1746,3504
25,58,1746,1746,3504
25,58,1746,1746,3504
25,58,1746,1746,3504
25,58,1746,1746,3504
25,58,1746,1746,3504
25,58,1746,1746,3504
25,58,1746,1746,3504
25,58,1746,1746,3504
25,58,1746,1746,3504
25,58,1746,1746,3504
25,58,1746,1746,3504
25,58,1746,1746,3504
25,58,1746,1746,3504
25,58,1746,1746,3504
25,58,1746,1746,3504
25,58,1746,1746,3504
25,58,1746,1746,3504
25,58,1746,1746,3504
25,58,1746,1746,3504
25,58,1746,1746,3504
25,58,1746,1746,3504
25,58,1746,1746,3504
25,58,1746,1746,3504
25,58,1746,1746,3504
25,58,1746,1746,3504
25,58,1746,1746,3504
25,58,1746,1746,3504
25,58,1746,1746,3504
25,58,1746,1746,3504
25,58,1746,1746,3504
25,58,1746,1746,3504
25,58,1746,1746,3504
25,58,1746,1746,3504
25,58,1746,1746,3504
25,58,1746,1746,3504
25,58,1746,1746,3504
25,58,1746,1746,3504
25,58,1746,1746,3504
25,58,1746,1746,3504
25,58,1746,1746,3504
25,58,1746,1746,3504
25,58,1746,1746,3504
25,58,1746,1746,3504
25,58,1746,1746,3504
25,58,1746,1746,3504
25,58,1746,1746,3504
25,58,1746,1746,3504
25,58,1746,1746,3504
25,58,1746,1746,3504
25,58,1746,1746,3504
25,58,1746,1746,3504
25,58,1746,1746,3504
25,58,1746,1746,3504
25,58,1746,1746,3504
25,58,1746,1746,3504
25,58,1746,1746,3504
25,58,1746,1746,3504
25,58,1746,1746,3504
25,58,1746,1746,3504
25,58,1746,1746,3504
25,58,1746,1746,3504
25,58,1746,1746,3504
25,58,1746,1746,3504
25,58,1746,1746,3504
25,58,1746,1746,3504
25,58,1746,1746,3504
25,58,1746,1746,3504
25,58,1746,1746,3504
25,58,1746,1746,3504
25,58,1746,1746,3504
25,58,1746,1746,3504
25,58,1746,1746,3504
25,58,1746,1746,3504
25,58,1746,1746,3504
25,58,1746,1746,3504
25,58,1746,1746,3504
25,58,1746,1746,3504
25,58,1746,1746,3504
25,58,1746,1746,3504
25,58,1746,1746,3504
25,58,1746,1746,3504
25,58,1746,1746,3504
25,58,1746,1746,3504
25,58,1746,1746,3504
25,58,1746,1746,3504
25,58,1746,1746,3504
25,58,1746,1746,3504
25,58,1746,1746,3504
25,58,1746,1746,3504
25,58,1746,1746,3504
25,58,1746,1746,3504
25,58,1746,1746,3504
25,58,1746,1746,3504
25,58,1746,1746,3504
25,58,1746,1746,3504
25,58,1746,1746,3504
25,58,1746,1746,3504
25,58,1746,1746,3504
25,58,1746,1746,3504
25,58,1746,1746,3504
25,58,1746,1746,3504
25,58,1746,1746,3504
25,58,1746,1746,3504
25,58,1746,1746,3504
25,58,1746,1746,3504
25,58,1746,1746,3504
25,58,1746,1746,3504
25,58,1746,1746,3504
25,58,1746,1746,3504
25,58,1746,1746,3504
25,58,1746,1746,3504
25,58,1746,1746,3504
25,58,1746,1746,3504
25,58,1746,1746,3504
25,58,1746,1746,3504
25,58,1746,1746,3504
25,58,1746,1746,3504
25,59,1746,1746,3504
25,59,1746,1746,3504
25,59,1746,1746,3504
25,59,1746,1746,3504
25,59,1746,1746,3504
25,59,1746,1746,3504
25,59,1746,1746,3504
25,59,1746,1746,3504
25,59,1746,1746,3504
25,59,1746,1746,3504
25,58,1746,1746,3504
25,58,1746,1746,3504
25,58,1746,1746,3504
25,58,1746,1746,3504
25,59,1746,1746,3504
25,59,1746,1746,3504
25,59,1746,1746,3504
25,59,1746,1746,3504
25,59,1746,1746,3504
25,59,1746,1746,3504
25,59,1746,1746,3504
25,59,1746,1746,3504
25,59,1746,1746,3504
25,59,1746,1746,3504
25,59,1746,1746,3504
25,59,1746,1746,3504
25,59,1746,1746,3504
25,59,1746,1746,3504
25,59,1746,1746,3504
25,59,1746,1746,3504
25,59,1746,1746,3504
25,59,1746,1746,3504
25,59,1746,1746,3504
25,59,1746,1746,3504
25,59,1746,1746,3504
25,59,1746,1746,3504
25,59,1746,1746,3504
25,59,1746,1746,3504
25,59,1746,1746,3504
25,59,1746,1746,3504
25,59,1746,1746,3504
25,59,1746,1746,3504
25,59,1746,1746,3504
25,59,1746,1746,3504
25,59,1746,1746,3504
25,59,1746,1746,3504
25,59,1746,1746,3504
25,59,1746,1746,3504
25,59,1746,1746,3504
25,59,1746,1746,3504
25,59,1746,1746,3504
25,59,1746,1746,3504
25,59,1746,1746,3504
25,59,1746,1746,3504
25,59,1746,1746,3504
25,59,1746,1746,3504
25,59,1746,1746,3504
25,59,1746,1746,3504
25,59,1746,1746,3504
25,59,1746,1746,3504
25,59,1746,1746,3504
25,59,1746,1746,3504
25,59,1746,1746,3504
25,59,1746,1746,3504
25,59,1746,1746,3504
25,59,1746,1746,3504
25,59,1746,1746,3504
25,59,1746,1746,3504
25,59,1746,1746,3504
25,59,1746,1746,3504
25,59,1746,1746,3504
25,59,1746,1746,3504
25,59,1746,1746,3504
25,59,1746,1746,3504
25,59,1746,1746,3504
25,59,1746,1746,3504
25,59,1746,1746,3504
25,59,1746,1746,3504
25,59,1746,1746,3504
25,59,1746,1746,3504
25,59,1746,1746,3504
25,59,1746,1746,3504
25,59,1746,1746,3504
25,59,1746,1746,3504
25,59,1746,1746,3504
25,59,1746,1746,3504
25,59,1746,1746,3504
25,59,1746,1746,3504
25,59,1746,1746,3504
25,59,1746,1746,3504
25,59,1746,1746,3504
25,59,1746,1746,3504
25,59,1746,1746,3504
25,59,1746,1746,3504
25,59,1746,1746,3504
25,59,1746,1746,3504
25,59,1746,1746,3504
25,59,1746,1746,3504
25,59,1746,1746,3504
25,59,1746,1746,3504
25,59,1746,1746,3504
25,59,1746,1746,3504
25,59,1746,1746,3504
25,59,1746,1746,3504
25,59,1746,1746,3504
25,59,1746,1746,3504
25,59,1746,1746,3504
25,59,1746,1746,3504
25,59,1746,1746,3504
25,59,1746,1746,3504
25,59,1746,1746,3504
25,59,1746,1746,3504
25,59,1746,1746,3504
25,59,1746,1746,3504
25,59,1746,1746,3504
25,59,1746,1746,3504
25,59,1746,1746,3504
25,59,1746,1746,3504
25,59,1746,1746,3504
25,59,1746,1746,3504
25,59,1746,1746,3504
25,59,1746,1746,3504
25,59,1746,1746,3504
25,59,1746,1746,3504
25,59,1746,1746,3504
25,59,1746,1746,3504
25,59,1746,1746,3504
25,59,1746,1746,3504
25,59,1746,1746,3504
25,59,1746,1746,3504
25,59,1746,1746,3504
25,59,1746,1746,3504
25,59,1746,1746,3504
25,59,1746,1746,3504
25,59,1746,1746,3504
25,59,1746,1746,3504
25,59,1746,1746,3504
25,59,1746,1746,3504
25,59,1746,1746,3504
25,59,1746,1746,3504
25,59,1746,1746,3504
25,59,1746,1746,3504
25,59,1746,1746,3504
25,59,1746,1746,3504
25,59,1746,1746,3504
25,59,1746,1746,3504
25,59,1746,1746,3504
25,59,1746,1746,3504
25,59,1746,1746,3504
25,59,1746,1746,3504
25,59,1746,1746,3504
25,59,1746,1746,3504
25,59,1746,1746,3504
25,59,1746,1746,3504
25,59,1746,1746,3504
25,59,1746,1746,3504
25,59,1746,1746,3504
25,59,1746,1746,3504
25,59,1746,1746,3504
25,59,1746,1746,3504
25,59,1746,1746,3504
25,59,1746,1746,3504
25,59,1746,1746,3504
25,59,1746,1746,3504
25,59,1746,1746,3504
25,59,1746,1746,3504
25,59,1746,1746,3504
25,59,1746,1746,3504
25,59,1746,1746,3504
25,59,1746,1746,3504
25,59,1746,1746,3504
25,59,1746,1746,3504
25,59,1746,1746,3504
25,59,1746,1746,3504
25,59,1746,1746,3504
25,59,1746,1746,3504
25,59,1746,1746,3504
25,59,1746,1746,3504
25,59,1746,1746,3504
25,59,1746,1746,3504
25,59,1746,1746,3504
25,59,1746,1746,3504
25,59,1746,1746,3504
25,59,1746,1746,3504
25,59,1746,1746,3504
25,59,1746,1746,3504
25,59,1746,1746,3504
25,59,1746,1746,3504
25,59,1746,1746,3504
25,59,1746,1746,3504
25,59,1746,1746,3504
25,59,1746,1746,3504
25,59,1746,1746,3504
25,59,1746,1746,3504
25,59,1746,1746,3504
25,59,1746,1746,3504
25,59,1746,1746,3504
25,59,1746,1746,3504
25,59,1746,1746,3504
25,59,1746,1746,3504
25,59,1746,1746,3504
25,59,1746,1746,3504
25,59,1746,1746,3504
25,59,1746,1746,3504
25,59,1746,1746,3504
25,60,1746,1746,3504
25,60,1746,1746,3504
25,60,1746,1746,3504
25,60,1746,1746,3504
25,60,1746,1746,3504
25,60,1746,1746,3504
25,60,1746,1746,3504
25,60,1746,1746,3504
25,60,1746,1746,3504
25,60,1746,1746,3504
25,60,1746,1746,3504
25,60,1746,1746,3504
25,60,1746,1746,3504
25,60,1746,1746,3504
25,60,1746,1746,3504
25,60,1746,1746,3504
25,60,1746,1746,3504
25,60,1746,1746,3504
25,60,1746,1746,3504
25,60,1746,1746,3504
25,60,1746,1746,3504
25,60,1746,1746,3504
25,60,1746,1746,3504
25,60,1746,1746,3504
25,60,1746,1746,3504
25,60,1746,1746,3504
25,60,1746,1746,3504
25,60,1746,1746,3504
25,60,1746,1746,3504
25,60,1746,1746,3504
25,60,1746,1746,3504
25,60,1746,1746,3504
25,60,1746,1746,3504
25,60,1746,1746,3504
25,60,1746,1746,3504
25,60,1746,1746,3504
25,60,1746,1746,3504
25,60,1746,1746,3504
25,60,1746,1746,3504
25,60,1746,1746,3504
25,60,1746,1746,3504
25,60,1746,1746,3504
25,60,1746,1746,3504
25,60,1746,1746,3504
25,60,1746,1746,3504
25,60,1746,1746,3504
25,60,1746,1746,3504
25,60,1746,1746,3504
25,60,1746,1746,3504
25,60,1746,1746,3504
25,60,1746,1746,3504
25,60,1746,1746,3504
25,60,1746,1746,3504
25,60,1746,1746,3504
25,60,1746,1746,3504
25,60,1746,1746,3504
25,60,1746,1746,3504
25,60,1746,1746,3504
25,60,1746,1746,3504
25,60,1746,1746,3504
25,60,1746,1746,3504
25,60,1746,1746,3504
25,60,1746,1746,3504
25,60,1746,1746,3504
25,60,1746,1746,3504
25,60,1746,1746,3504
25,60,1746,1746,3504
25,60,1746,1746,3504
25,60,1746,1746,3504
25,60,1746,1746,3504
25,60,1746,1746,3504
25,60,1746,1746,3504
25,60,1746,1746,3504
25,59,1746,1746,3504
25,59,1746,1746,3504
25,59,1746,1746,3504
25,59,1746,1746,3504
25,59,1746,1746,3504
25,59,1746,1746,3504
24,59,1746,1746,3504
24,59,1746,1746,3504
24,59,1746,1746,3504
24,59,1746,1746,3504
24,59,1746,1746,3504
24,59,1746,1746,3504
24,59,1746,1746,3504
24,59,1746,1746,3504
24,59,1746,1746,3504
24,59,1746,1746,3504
24,59,1746,1746,3504
24,59,1746,1746,3504
24,59,1746,1746,3504
24,59,1746,1746,3504
24,59,1746,1746,3504
24,59,1746,1746,3504
24,59,1746,1746,3504
24,59,1746,1746,3504
24,59,1746,1746,3504
24,59,1746,1746,3504
24,59,1746,1746,3504
24,59,1746,1746,3504
24,59,1746,1746,3504
24,59,1746,1746,3504
24,59,1746,1746,3504
24,59,1746,1746,3504
24,59,1746,1746,3504
24,59,1746,1746,3504
24,59,1746,1746,3504
24,59,1746,1746,3504
24,59,1746,1746,3504
24,59,1746,1746,3504
24,59,1746,1746,3504
24,59,1746,1746,3504
24,59,1746,1746,3504
24,59,1746,1746,3504
24,59,1746,1746,3504
24,59,1746,1746,3504
24,59,1746,1746,3504
24,59,1746,1746,3504
24,59,1746,1746,3504
24,59,1746,1746,3504
24,58,1746,1746,3504
23,58,1746,1746,3504
23,58,1746,1746,3504
23,58,1746,1746,3504
23,58,1746,1746,3504
23,58,1746,1746,3504
23,58,1746,1746,3504
23,58,1746,1746,3504
23,58,1746,1746,3504
23,58,1746,1746,3504
23,58,1746,1746,3504
23,58,1746,1746,3504
23,58,1746,1746,3504
23,58,1746,1746,3504
23,58,1746,1746,3504
23,58,1746,1746,3504
23,58,1746,1746,3504
23,58,1746,1746,3504
23,58,1746,1746,3504
23,58,1746,1746,3504
23,58,1746,1746,3504
23,58,1746,1746,3504
23,58,1746,1746,3504
23,58,1746,1746,3504
23,58,1746,1746,3504
23,58,1746,1746,3504
23,58,1746,1746,3504
23,58,1746,1746,3504
23,58,1746,1746,3504
23,58,1746,1746,3504
23,58,1746,1746,3504
23,58,1746,1746,3504
23,58,1746,1746,3504
23,58,1746,1746,3504
23,58,1746,1746,3504
23,58,1746,1746,3504
23,58,1746,1746,3504
23,58,1746,1746,3504
23,58,1746,1746,3504
23,58,1746,1746,3504
23,58,1746,1746,3504
23,58,1746,1746,3504
23,58,1746,1746,3504
23,58,1746,1746,3504
23,58,1746,1746,3504
23,58,1746,1746,3504
23,58,1746,1746,3504
23,58,1746,1746,3504
23,58,1746,1746,3504
23,58,1746,1746,3504
23,57,1746,1746,3504
23,57,1746,1746,3504
23,57,1746,1746,3504
23,58,1746,1746,3504
23,58,1746,1746,3504
23,58,1746,1746,3504
23,58,1746,1746,3504
23,58,1746,1746,3504
23,57,1746,1746,3504
23,57,1746,1746,3504
23,58,1746,1746,3504
23,58,1746,1746,3504
23,58,1746,1746,3504
23,57,1746,1746,3504
23,57,1746,1746,3504
23,57,1746,1746,3504
23,57,1746,1746,3504
23,57,1746,1746,3504
23,57,1746,1746,3504
23,57,1746,1746,3504
23,57,1746,1746,3504
23,57,1746,1746,3504
23,57,1746,1746,3504
23,57,1746,1746,3504
23,57,1746,1746,3504
23,57,1746,1746,3504
23,57,1746,1746,3504
23,57,1746,1746,3504
23,57,1746,1746,3504
23,57,1746,1746,3504
23,57,1746,1746,3504
23,57,1746,1746,3504
23,57,1746,1746,3504
23,57,1746,1746,3504
23,57,1746,1746,3504
23,57,1746,1746,3504
23,57,1746,1746,3504
23,57,1746,1746,3504
23,57,1746,1746,3504
23,57,1746,1746,3504
23,57,1746,1746,3504
23,57,1746,1746,3504
23,57,1746,1746,3504
23,57,1746,1746,3504
23,57,1746,1746,3504
23,57,1746,1746,3504
23,57,1746,1746,3504
23,57,1746,1746,3504
23,57,1746,1746,3504
23,57,1746,1746,3504
23,57,1746,1746,3504
23,57,1746,1746,3504
23,57,1746,1746,3504
23,57,1746,1746,3504
23,57,1746,1746,3504
23,57,1746,1746,3504
23,57,1746,1746,3504
23,57,1746,1746,3504
23,57,1746,1746,3504
23,57,1746,1746,3504
23,57,1746,1746,3504
23,57,1746,1746,3504
23,57,1746,1746,3504
23,57,1746,1746,3504
23,57,1746,1746,3504
23,57,1746,1746,3504
23,57,1746,1746,3504
23,57,1746,1746,3504
23,57,1746,1746,3504
23,57,1746,1746,3504
23,57,1746,1746,3504
23,57,1746,1746,3504
23,57,1746,1746,3504
23,57,1746,1746,3504
23,57,1746,1746,3504
23,57,1746,1746,3504
23,57,1746,1746,3504
23,57,1746,1746,3504
23,57,1746,1746,3504
23,57,1746,1746,3504
23,57,1746,1746,3504
23,57,1746,1746,3504
23,57,1746,1746,3504
23,57,1746,1746,3504
23,56,1746,1746,3504
23,56,1746,1746,3504
23,56,1746,1746,3504
23,56,1746,1746,3504
23,56,1746,1746,3504
23,56,1746,1746,3504
23,57,1746,1746,3504
23,57,1746,1746,3504
23,56,1746,1746,3504
23,56,1746,1746,3504
23,56,1746,1746,3504
23,56,1746,1746,3504
23,56,1746,1746,3504
23,56,1746,1746,3504
23,56,1746,1746,3504
23,56,1746,1746,3504
23,56,1746,1746,3504
23,56,1746,1746,3504
23,56,1746,1746,3504
23,56,1746,1746,3504
23,56,1746,1746,3504
23,56,1746,1746,3504
23,56,1746,1746,3504
23,56,1746,1746,3504
23,56,1746,1746,3504
23,56,1746,1746,3504
23,56,1746,1746,3504
23,56,1746,1746,3504
23,56,1746,1746,3504
23,56,1746,1746,3504
23,56,1746,1746,3504
23,56,1746,1746,3504
23,56,1746,1746,3504
23,56,1746,1746,3504
23,56,1746,1746,3504
23,56,1746,1746,3504
23,56,1746,1746,3504
23,56,1746,1746,3504
23,56,1746,1746,3504
23,56,1746,1746,3504
23,56,1746,1746,3504
23,56,1746,1746,3504
23,56,1746,1746,3504
23,56,1746,1746,3504
23,56,1746,1746,3504
23,56,1746,1746,3504
23,56,1746,1746,3504
23,56,1746,1746,3504
23,56,1746,1746,3504
23,56,1746,1746,3504
23,56,1746,1746,3504
23,56,1746,1746,3504
23,56,1746,1746,3504
23,56,1746,1746,3504
23,56,1746,1746,3504
23,56,1746,1746,3504
23,56,1746,1746,3504
23,56,1746,1746,3504
23,56,1746,1746,3504
23,56,1746,1746,3504
23,56,1746,1746,3504
23,56,1746,1746,3504
23,56,1746,1746,3504
23,56,1746,1746,3504
23,56,1746,1746,3504
23,56,1746,1746,3504
23,56,1746,1746,3504
23,56,1746,1746,3504
23,56,1746,1746,3504
23,56,1746,1746,3504
23,56,1746,1746,3504
23,56,1746,1746,3504
23,56,1746,1746,3504
23,56,1746,1746,3504
23,56,1746,1746,3504
23,56,1746,1746,3504
23,56,1746,1746,3504
23,56,1746,1746,3504
23,56,1746,1746,3504
23,56,1746,1746,3504
23,56,1746,1746,3504
23,56,1746,1746,3504
23,56,1746,1746,3504
23,56,1746,1746,3504
23,56,1746,1746,3504
23,56,1746,1746,3504
23,56,1746,1746,3504
23,56,1746,1746,3504
23,56,1746,1746,3504
23,56,1746,1746,3504
23,56,1746,1746,3504
23,56,1746,1746,3504
23,56,1746,1746,3504
23,56,1746,1746,3504
23,56,1746,1746,3504
23,56,1746,1746,3504
23,56,1746,1746,3504
23,56,1746,1746,3504
23,56,1746,1746,3504
23,56,898,898,3504
23,56,898,898,3504
23,56,898,898,3504
23,56,898,898,3504
22,56,898,898,3504
22,55,898,898,3504
22,55,898,898,3504
22,55,898,898,3504
22,55,898,898,3504
22,55,898,898,3504
22,54,898,898,3504
22,54,898,898,3504
22,54,898,898,3504
22,54,898,898,3504
22,54,898,898,3504
17,54,898,898,3504
17,54,898,898,3504
16,54,898,898,3504
16,53,898,898,3504
16,53,898,923,3504
16,52,923,923,3504
16,52,923,923,3504
16,52,923,923,3504
16,52,923,923,3504
16,52,923,923,3504
16,52,923,923,3504
16,52,923,923,3504
16,52,923,923,3504
16,52,923,923,3504
16,52,923,923,3504
16,52,923,923,3504
16,52,923,923,3504
16,51,923,923,3504
16,51,923,923,3504
16,51,923,923,3504
16,51,923,923,3504
16,51,923,923,3504
16,51,923,923,3504
16,51,923,923,3504
16,51,923,923,3504
16,51,923,923,3504
16,51,923,923,3504
16,51,923,923,3504
16,51,923,923,3504
16,50,923,923,3504
16,50,923,923,3504
16,50,923,923,3504
16,50,923,923,3504
16,50,923,923,3504
16,50,923,923,3504
16,50,923,923,3504
16,50,923,923,3504
16,50,923,923,3504
16,50,923,923,3504
16,50,923,923,3504
16,50,923,923,3504
16,50,923,923,3504
16,50,923,923,3504
16,49,923,923,3504
16,49,923,923,3504
16,49,923,923,3504
16,49,923,923,3504
16,49,923,923,3504
16,49,923,923,3504
16,49,923,923,3504
16,49,923,923,3504
16,49,923,923,3504
16,49,923,923,3504
16,49,923,923,3504
16,49,923,923,3504
16,49,923,923,3504
16,49,923,923,3504
16,49,923,923,3504
16,49,923,923,3504
16,49,923,923,3504
16,49,923,923,3504
16,48,923,923,3504
16,48,923,923,3504
16,48,923,923,3504
16,48,923,923,3504
16,48,923,923,3504
16,48,923,923,3504
16,48,923,923,3504
16,48,923,923,3504
16,48,923,923,3504
16,48,923,923,3504