4,12,139,139,405
4,12,139,139,405
4,12,139,139,405
4,12,1290,1290,3504
4,12,1290,1290,3504
4,13,1290,1290,3504
6,13,1290,1290,3504
6,13,1290,1290,3504
6,13,1290,1290,3504
6,13,1290,1290,3504
6,13,1290,1290,3504
6,13,1290,1290,3504
6,13,1290,1290,3504
6,13,1290,1290,3504
6,14,1290,1290,3504
6,14,1290,1290,3504
6,14,1430,1430,3504
9,14,1430,1430,3504
9,14,1430,1430,3504
9,14,1430,1430,3504
18,15,1430,1430,3504
18,15,1430,1430,3504
18,15,1430,1430,3504
18,15,1430,1430,3504
18,15,1430,1430,3504
18,15,1430,1430,3504
18,15,1430,1430,3504
18,15,1430,1430,3504
18,15,1430,1430,3504
18,16,1430,1430,3504
18,16,1430,1430,3504
18,16,1430,1430,3504
19,16,1430,1430,3504
19,16,1582,1582,3504
19,16,1582,1582,3504
19,17,1582,1582,3504
19,17,1582,1582,3504
19,17,1582,1582,3504
19,17,1582,1582,3504
19,17,1582,1582,3504
19,17,1582,1582,3504
19,18,1582,1582,3504
19,18,1582,1582,3504
19,18,1582,1582,3504
19,18,1582,1582,3504
19,18,1582,1582,3504
20,18,1582,1582,3504
20,19,1582,1582,3504
20,19,1582,1582,3504
20,19,1582,1582,3504
20,19,1746,1746,3504
20,19,1746,1746,3504
20,19,1746,1746,3504
20,20,1746,1746,3504
20,20,1746,1746,3504
20,20,1746,1746,3504
20,21,1746,1746,3504
20,21,1746,1746,3504
20,21,1746,1746,3504
22,21,1746,1746,3504
22,21,1746,1746,3504
22,21,1746,1746,3504
22,22,1746,1746,3504
22,22,1746,1746,3504
22,22,1746,1746,3504
22,22,1746,1746,3504
22,22,1797,1797,3504
22,23,1797,1797,3504
22,23,1797,1797,3504
22,23,1797,1797,3504
22,24,1797,1797,3504
22,24,1797,1797,3504
23,24,1797,1797,3504
23,24,1797,1797,3504
24,24,1797,1797,3504
24,25,1797,1797,3504
24,25,1797,1797,3504
24,25,1797,1797,3504
24,25,1797,1797,3504
24,25,1797,1797,3504
24,26,1797,1797,3504
24,26,1797,1797,3504
24,26,1797,1797,3504
24,26,1797,1797,3504
24,26,1797,1797,3504
24,26,1797,1797,3504
24,27,1797,1797,3504
24,27,1797,1797,3504
24,27,1797,1797,3504
24,27,1797,1797,3504
24,27,1797,1797,3504
24,27,1797,1797,3504
24,27,1797,1797,3504
24,27,1797,1797,3504
24,27,1797,1797,3504
24,28,1797,1797,3504
24,28,1797,1797,3504
24,28,1797,1797,3504
24,28,1797,1797,3504
24,28,1797,1797,3504
24,28,1797,1797,3504
24,28,1797,1797,3504
24,28,1797,1797,3504
24,29,1797,1797,3504
24,29,1797,1797,3504
24,29,1797,1797,3504
24,29,1797,1784,3504
24,29,1784,1784,3504
24,30,1784,1784,3504
24,30,1784,1784,3504
24,30,1784,1784,3504
24,30,1784,1784,3504
24,30,1784,1784,3504
24,30,1784,1784,3504
24,30,1784,1784,3504
24,30,1784,1784,3504
24,30,1784,1784,3504
24,30,1784,1784,3504
24,30,1784,1784,3504
24,31,1784,1784,3504
24,31,1784,1784,3504
24,31,1784,1784,3504
24,31,1784,1784,3504
24,31,1784,1784,3504
24,31,1784,1784,3504
24,31,1784,1784,3504
24,31,1784,1784,3504
24,31,1784,1784,3504
24,32,1784,1784,3504
24,32,1784,1784,3504
24,32,1784,1784,3504
24,32,1784,1784,3504
24,32,1784,1784,3504
24,32,1784,1784,3504
24,32,1784,1784,3504
24,32,1784,1784,3504
24,32,1784,1784,3504
24,32,1784,1784,3504
24,32,1784,1784,3504
24,32,1784,1784,3504
24,32,1784,1784,3504
24,32,1784,1784,3504
24,33,1784,1784,3504
24,33,1784,1784,3504
24,33,1784,1784,3504
24,33,1784,1784,3504
24,33,1784,1784,3504
24,33,1784,1784,3504
24,33,1784,1784,3504
24,33,1784,1784,3504
24,33,1784,1784,3504
24,33,1784,1784,3504
25,33,1784,1784,3504
25,34,1784,1784,3504
25,34,1784,1784,3504
25,34,1784,1784,3504
25,34,1784,1784,3504
25,34,1784,1784,3504
25,34,1784,1784,3504
25,34,1784,1784,3504
25,34,1784,1784,3504
25,34,1784,1784,3504
25,34,1784,1784,3504
25,34,1784,1784,3504
25,34,1784,1784,3504
25,34,1784,1784,3504
25,34,1784,1784,3504
25,34,1784,1784,3504
25,35,1784,1784,3504
25,35,1784,1784,3504
25,35,1784,1784,3504
25,35,1784,1784,3504
25,35,1784,1784,3504
25,35,1784,1784,3504
25,35,1784,1784,3504
25,35,1784,1784,3504
25,35,1784,1784,3504
25,35,1784,1784,3504
25,35,1784,1784,3504
25,35,1784,1784,3504
25,35,1784,1784,3504
25,35,1784,1784,3504
25,36,1784,1771,3504
25,36,1771,1771,3504
25,36,1771,1771,3504
25,36,1771,1771,3504
25,36,1771,1771,3504
25,36,1771,1771,3504
25,36,1771,1771,3504
25,36,1771,1771,3504
25,36,1771,1771,3504
25,36,1771,1771,3504
25,36,1771,1771,3504
24,36,1771,1771,3504
24,36,1771,1771,3504
24,36,1771,1771,3504
24,36,1771,1771,3504
24,36,1771,1771,3504
24,36,1771,1771,3504
24,36,1771,1771,3504
24,36,1771,1771,3504
24,36,1771,1771,3504
24,37,1771,1771,3504
24,37,1771,1771,3504
24,37,1771,1771,3504
24,37,1771,1771,3504
24,37,1771,1771,3504
24,37,1771,1771,3504
24,37,1771,1771,3504
24,37,1771,1771,3504
24,37,1771,1771,3504
24,37,1771,1771,3504
24,37,1771,1771,3504
24,37,1771,1771,3504
24,37,1771,1771,3504
24,37,1771,1771,3504
24,37,1771,1771,3504
24,37,1771,1771,3504
24,37,1771,1771,3504
24,37,1771,1771,3504
24,37,1771,1771,3504
24,37,1771,1771,3504
24,37,1771,1771,3504
24,37,1771,1771,3504
24,38,1771,1771,3504
24,38,1771,1771,3504
24,38,1771,1771,3504
24,38,1771,1771,3504
24,38,1771,1771,3504
24,38,1771,1771,3504
24,38,1771,1771,3504
25,38,1771,1771,3504
25,38,1771,1771,3504
25,38,1771,1771,3504
25,38,1771,1771,3504
25,38,1771,1771,3504
25,38,1771,1771,3504
25,38,1771,1771,3504
25,38,1771,1771,3504
25,38,1771,1771,3504
25,38,1771,1771,3504
25,38,1771,1771,3504
25,38,1771,1771,3504
25,39,1771,1771,3504
25,39,1771,1771,3504
25,39,1771,1771,3504
25,39,1771,1771,3504
25,39,1771,1771,3504
25,39,1771,1771,3504
25,39,1771,1771,3504
25,39,1771,1771,3504
25,39,1771,1771,3504
25,39,1771,1771,3504
25,39,1771,1771,3504
25,39,1771,1771,3504
25,39,1771,1771,3504
25,39,1771,1771,3504
25,39,1771,1771,3504
25,39,1771,1771,3504
25,39,1771,1771,3504
25,39,1771,1771,3504
25,39,1771,1771,3504
25,39,1771,1771,3504
25,39,1771,1771,3504
25,39,1771,1771,3504
25,39,1771,1771,3504
25,39,1771,1771,3504
25,40,1771,1771,3504
25,40,1771,1771,3504
25,40,1771,1771,3504
25,40,1771,1771,3504
25,40,1771,1771,3504
25,40,1771,1771,3504
25,40,1771,1771,3504
25,40,1771,1771,3504
25,40,1771,1771,3504
25,40,1771,1771,3504
25,40,1771,1771,3504
25,40,1771,1771,3504
25,40,1771,1771,3504
25,40,1771,1771,3504
25,40,1771,1771,3504
25,40,1771,1771,3504
25,40,1771,1771,3504
25,40,1771,1771,3504
25,40,1771,1771,3504
25,40,1771,1771,3504
25,40,1771,1771,3504
25,40,1771,1771,3504
25,40,1771,1771,3504
25,40,1771,1771,3504
25,40,1771,1771,3504
25,40,1771,1771,3504
25,41,1771,1771,3504
25,41,1771,1771,3504
25,41,1771,1771,3504
25,41,1771,1771,3504
25,41,1771,1771,3504
25,41,1771,1771,3504
25,41,1771,1771,3504
25,41,1771,1771,3504
25,41,1771,1771,3504
25,41,1771,1771,3504
25,41,1771,1771,3504
25,41,1771,1771,3504
25,41,1771,1771,3504
25,41,1771,1771,3504
25,41,1771,1771,3504
25,41,1771,1771,3504
25,41,1771,1771,3504
25,41,1771,1771,3504
25,41,1771,1771,3504
25,41,1771,1771,3504
25,41,1771,1771,3504
25,41,1771,1771,3504
25,41,1771,1771,3504
25,41,1771,1771,3504
25,41,1771,1771,3504
25,42,1771,1771,3504
25,42,1771,1771,3504
25,42,1771,1771,3504
25,42,1771,1771,3504
25,42,1771,1771,3504
25,42,1771,1771,3504
25,42,1771,1771,3504
25,42,1771,1771,3504
25,42,1771,1771,3504
25,42,1771,1771,3504
25,42,1771,1771,3504
25,42,1771,1771,3504
25,42,1771,1771,3504
25,42,1771,1771,3504
25,42,1771,1771,3504
25,42,1771,1771,3504
25,42,1771,1771,3504
25,42,1771,1771,3504
25,42,1771,1771,3504
25,42,1771,1771,3504
25,42,1771,1771,3504
25,42,1771,1771,3504
25,42,1771,1771,3504
25,42,1771,1771,3504
25,42,1771,1771,3504
25,42,1771,1771,3504
25,42,1771,1771,3504
25,42,1771,1771,3504
25,42,1771,1771,3504
25,42,1771,1771,3504
25,43,1771,1771,3504
25,43,1771,1771,3504
25,43,1771,1771,3504
25,43,1771,1771,3504
25,43,1771,1771,3504
25,43,1771,1771,3504
25,43,1771,1771,3504
25,43,1771,1771,3504
25,43,1771,1771,3504
25,43,1771,1771,3504
25,43,1771,1771,3504
25,43,1771,1771,3504
25,43,1771,1771,3504
25,43,1771,1771,3504
25,43,1771,1771,3504
25,43,1771,1771,3504
25,43,1771,1771,3504
25,43,1771,1771,3504
25,43,1771,1771,3504
25,43,1771,1771,3504
25,43,1771,1771,3504
25,43,1771,1771,3504
25,43,1771,1771,3504
25,43,1771,1771,3504
25,43,1771,1771,3504
25,43,1771,1771,3504
25,43,1771,1771,3504
25,43,1771,1771,3504
25,43,1771,1771,3504
25,43,1771,1771,3504
25,44,1771,1771,3504
25,44,1771,1771,3504
25,44,1771,1771,3504
25,44,1771,1771,3504
25,44,1771,1771,3504
25,44,1771,1771,3504
25,44,1771,1771,3504
25,44,1771,1771,3504
25,44,1771,1771,3504
25,44,1771,1771,3504
25,44,1771,1771,3504
25,44,1771,1771,3504
25,44,1771,1771,3504
25,44,1771,1771,3504
25,44,1771,1771,3504
25,44,1771,1771,3504
25,44,1771,1771,3504
25,44,1771,1771,3504
25,44,1771,1771,3504
25,44,1771,1771,3504
25,44,1771,1771,3504
25,44,1771,1771,3504
25,44,1771,1771,3504
25,44,1771,1771,3504
25,44,1771,1771,3504
25,44,1771,1771,3504
25,44,1771,1771,3504
25,44,1771,1771,3504
25,44,1771,1771,3504
25,44,1771,1771,3504
25,44,1771,1771,3504
25,44,1771,1771,3504
25,45,1771,1771,3504
25,45,1771,1771,3504
25,45,1771,1771,3504
25,45,1771,1771,3504
25,45,1771,1771,3504
25,45,1771,1771,3504
25,45,1771,1771,3504
25,45,1771,1771,3504
25,45,1771,1771,3504
25,45,1771,1771,3504
25,45,1771,1771,3504
25,45,1771,1771,3504
25,45,1771,1771,3504
25,45,1771,1771,3504
25,45,1771,1771,3504
25,45,1771,1771,3504
25,45,1771,1771,3504
25,45,1771,1771,3504
25,45,1771,1771,3504
25,45,1771,1771,3504
25,45,1771,1771,3504
25,45,1771,1771,3504
25,45,1771,1771,3504
25,45,1771,1771,3504
25,45,1771,1771,3504
25,45,1771,1771,3504
25,45,1771,1771,3504
25,45,1771,1771,3504
25,45,1771,1771,3504
25,45,1771,1771,3504
25,45,1771,1771,3504
25,45,1771,1771,3504
25,45,1771,1771,3504
25,45,1771,1771,3504
25,45,1771,1771,3504
25,45,1771,1771,3504
25,46,1771,1771,3504
25,46,1771,1771,3504
25,46,1771,1771,3504
25,46,1771,1771,3504
25,46,1771,1771,3504
25,46,1771,1771,3504
25,46,1771,1771,3504
25,46,1771,1771,3504
25,46,1771,1759,3504
25,46,1759,1759,3504
25,46,1759,1759,3504
25,46,1759,1759,3504
25,46,1759,1759,3504
25,46,1759,1759,3504
25,46,1759,1759,3504
25,46,1759,1759,3504
25,46,1759,1759,3504
25,46,1759,1759,3504
25,46,1759,1759,3504
25,46,1759,1759,3504
25,46,1759,1759,3504
25,46,1759,1759,3504
25,46,1759,1759,3504
25,46,1759,1759,3504
25,46,1759,1759,3504
25,46,1759,1759,3504
25,46,1759,1759,3504
25,46,1759,1759,3504
25,46,1759,1759,3504
25,46,1759,1759,3504
25,46,1759,1759,3504
25,46,1759,1759,3504
25,46,1759,1759,3504
25,46,1759,1759,3504
25,46,1759,1759,3504
25,46,1759,1759,3504
25,46,1759,1759,3504
25,46,1759,1759,3504
25,46,1759,1759,3504
25,46,1759,1759,3504
25,46,1759,1759,3504
25,47,1759,1759,3504
25,47,1759,1759,3504
25,47,1759,1759,3504
25,47,1759,1759,3504
25,47,1759,1759,3504
25,47,1759,1759,3504
25,47,1759,1759,3504
25,47,1759,1759,3504
25,47,1759,1759,3504
25,47,1759,1759,3504
25,47,1759,1759,3504
25,47,1759,1759,3504
25,47,1759,1759,3504
25,47,1759,1759,3504
25,47,1759,1759,3504
25,47,1759,1759,3504
25,47,1759,1759,3504
25,47,1759,1759,3504
25,47,1759,1759,3504
25,47,1759,1759,3504
25,47,1759,1759,3504
25,47,1759,1759,3504
25,47,1759,1759,3504
25,47,1759,1759,3504
25,47,1759,1759,3504
25,47,1759,1759,3504
25,47,1759,1759,3504
25,47,1759,1759,3504
25,47,1759,1759,3504
25,47,1759,1759,3504
25,47,1759,1759,3504
25,47,1759,1759,3504
25,47,1759,1759,3504
25,47,1759,1759,3504
25,47,1759,1759,3504
25,47,1759,1759,3504
25,47,1759,1759,3504
25,47,1759,1759,3504
25,47,1759,1759,3504
25,47,1759,1759,3504
25,47,1759,1759,3504
25,47,1759,1759,3504
25,47,1759,1759,3504
25,47,1759,1759,3504
25,47,1759,1759,3504
25,47,1759,1759,3504
25,47,1759,1759,3504
25,47,1759,1759,3504
25,47,1759,1759,3504
25,47,1759,1759,3504
25,47,1759,1759,3504
25,47,1759,1759,3504
25,48,1759,1759,3504
25,48,1759,1759,3504
25,48,1759,1759,3504
25,47,1759,1759,3504
25,47,1759,1759,3504
25,47,1759,1759,3504
25,47,1759,1759,3504
25,48,1759,1759,3504
25,48,1759,1759,3504
25,48,1759,1759,3504
25,48,1759,1759,3504
25,48,1759,1759,3504
25,48,1759,1759,3504
25,48,1759,1759,3504
25,48,1759,1759,3504
25,48,1759,1759,3504
25,48,1759,1759,3504
25,48,1759,1759,3504
25,48,1759,1759,3504
25,48,1759,1759,3504
25,48,1759,1759,3504
25,48,1759,1759,3504
25,48,1759,1759,3504
25,48,1759,1759,3504
25,48,1759,1759,3504
25,48,1759,1759,3504
25,48,1759,1759,3504
25,48,1759,1759,3504
25,48,1759,1759,3504
25,48,1759,1759,3504
25,48,1759,1759,3504
25,48,1759,1759,3504
25,48,1759,1759,3504
25,48,1759,1759,3504
25,48,1759,1759,3504
25,48,1759,1759,3504
25,48,1759,1759,3504
25,48,1759,1759,3504
25,48,1759,1759,3504
25,48,1759,1759,3504
25,48,1759,1759,3504
25,48,1759,1759,3504
25,48,1759,1759,3504
25,48,1759,1759,3504
25,48,1759,1759,3504
25,48,1759,1759,3504
25,48,1759,1759,3504
25,48,1759,1759,3504
25,48,1759,1759,3504
25,48,1759,1759,3504
25,48,1759,1759,3504
25,48,1759,1759,3504
25,48,1759,1759,3504
25,48,1759,1759,3504
25,48,1759,1759,3504
25,48,1759,1759,3504
25,48,1759,1759,3504
25,48,1759,1759,3504
25,48,1759,1759,3504
25,48,1759,1759,3504
25,48,1759,1759,3504
25,48,1759,1759,3504
25,48,1759,1759,3504
25,48,1759,1759,3504
25,48,1759,1759,3504
25,48,1759,1759,3504
25,48,1759,1759,3504
25,49,1759,1759,3504
25,49,1759,1759,3504
25,49,1759,1759,3504
25,48,1759,1759,3504
25,48,1759,1759,3504
25,48,1759,1759,3504
25,49,1759,1759,3504
25,49,1759,1759,3504
25,49,1759,1759,3504
25,49,1759,1759,3504
25,49,1759,1759,3504
25,49,1759,1759,3504
25,49,1759,1759,3504
25,49,1759,1759,3504
25,49,1759,1759,3504
25,49,1759,1759,3504
25,49,1759,1759,3504
25,49,1759,1759,3504
25,49,1759,1759,3504
25,49,1759,1759,3504
25,49,1759,1759,3504
25,49,1759,1759,3504
25,49,1759,1759,3504
25,49,1759,1759,3504
25,49,1759,1759,3504
25,49,1759,1759,3504
25,49,1759,1759,3504
25,49,1759,1759,3504
25,49,1759,1759,3504
25,49,1759,1759,3504
25,49,1759,1759,3504
25,49,1759,1759,3504
25,49,1759,1759,3504
25,49,1759,1759,3504
25,49,1759,1759,3504
25,49,1759,1759,3504
25,49,1759,1759,3504
25,49,1759,1759,3504
25,49,1759,1759,3504
25,49,1759,1759,3504
25,49,1759,1759,3504
25,49,1759,1759,3504
25,49,1759,1759,3504
25,49,1759,1759,3504
25,49,1759,1759,3504
25,49,1759,1759,3504
25,49,1759,1759,3504
25,49,1759,1759,3504
25,49,1759,1759,3504
25,49,1759,1759,3504
25,49,1759,1759,3504
25,49,1759,1759,3504
25,49,1759,1759,3504
25,49,1759,1759,3504
25,49,1759,1759,3504
25,49,1759,1759,3504
25,49,1759,1759,3504
25,49,1759,1759,3504
25,49,1759,1759,3504
25,49,1759,1759,3504
25,49,1759,1759,3504
25,49,1759,1759,3504
25,49,1759,1759,3504
25,49,1759,1759,3504
25,49,1759,1759,3504
25,49,1759,1759,3504
25,49,1759,1759,3504
25,49,1759,1759,3504
25,49,1759,1759,3504
25,49,1759,1759,3504
25,49,1759,1759,3504
25,49,1759,1759,3504
25,49,1759,1759,3504
25,50,1759,1759,3504
25,50,1759,1759,3504
25,50,1759,1759,3504
25,50,1759,1759,3504
25,50,1759,1759,3504
25,50,1759,1759,3504
25,50,1759,1759,3504
25,50,1759,1759,3504
25,50,1759,1759,3504
25,50,1759,1759,3504
25,50,1759,1759,3504
25,50,1759,1759,3504
25,50,1759,1759,3504
25,50,1759,1759,3504
25,50,1759,1759,3504
25,50,1759,1759,3504
25,50,1759,1759,3504
25,50,1759,1759,3504
25,50,1759,1759,3504
25,50,1759,1759,3504
25,50,1759,1759,3504
25,50,1759,1759,3504
25,50,1759,1759,3504
25,50,1759,1759,3504
25,50,1759,1759,3504
25,50,1759,1759,3504
25,50,1759,1759,3504
25,50,1759,1759,3504
25,50,1759,1759,3504
25,50,1759,1759,3504
25,50,1759,1759,3504
25,50,1759,1759,3504
25,50,1759,1759,3504
25,50,1759,1759,3504
25,50,1759,1759,3504
25,50,1759,1759,3504
25,50,1759,1759,3504
25,50,1759,1759,3504
25,50,1759,1759,3504
25,50,1759,1759,3504
25,50,1759,1759,3504
25,50,1759,1759,3504
25,50,1759,1759,3504
25,50,1759,1759,3504
25,50,1759,1759,3504
25,50,1759,1759,3504
25,50,1759,1759,3504
25,50,1759,1759,3504
25,50,1759,1759,3504
25,50,1759,1759,3504
25,50,1759,1759,3504
25,50,1759,1759,3504
25,50,1759,1759,3504
25,50,1759,1759,3504
25,50,1759,1759,3504
25,50,1759,1759,3504
25,50,1759,1759,3504
25,50,1759,1759,3504
25,50,1759,1759,3504
25,50,1759,1759,3504
25,50,1759,1759,3504
25,50,1759,1759,3504
25,50,1759,1759,3504
25,50,1759,1759,3504
25,50,1759,1759,3504
25,50,1759,1759,3504
25,51,1759,1759,3504
25,51,1759,1759,3504
25,51,1759,1759,3504
25,51,1759,1759,3504
25,51,1759,1759,3504
25,51,1759,1759,3504
25,51,1759,1759,3504
25,51,1759,1759,3504
25,51,1759,1759,3504
25,51,1759,1759,3504
25,51,1759,1759,3504
25,51,1759,1759,3504
25,51,1759,1759,3504
25,51,1759,1759,3504
25,51,1759,1759,3504
25,51,1759,1759,3504
25,51,1759,1759,3504
25,51,1759,1759,3504
25,51,1759,1759,3504
25,51,1759,1759,3504
25,51,1759,1759,3504
25,51,1759,1759,3504
25,51,1759,1759,3504
25,51,1759,1759,3504
25,51,1759,1759,3504
25,51,1759,1759,3504
25,51,1759,1759,3504
25,51,1759,1759,3504
25,51,1759,1759,3504
25,51,1759,1759,3504
25,51,1759,1759,3504
25,51,1759,1759,3504
25,51,1759,1759,3504
25,51,1759,1759,3504
25,51,1759,1759,3504
25,51,1759,1759,3504
25,51,1759,1759,3504
25,51,1759,1759,3504
25,51,1759,1759,3504
25,51,1759,1759,3504
25,51,1759,1759,3504
25,51,1759,1759,3504
25,51,1759,1759,3504
25,51,1759,1759,3504
25,51,1759,1759,3504
25,51,1759,1759,3504
25,51,1759,1759,3504
25,51,1759,1759,3504
25,51,1759,1759,3504
25,51,1759,1759,3504
25,51,1759,1759,3504
25,51,1759,1759,3504
25,51,1759,1759,3504
25,51,1759,1759,3504
25,51,1759,1759,3504
25,51,1759,1759,3504
25,51,1759,1759,3504
25,52,1759,1759,3504
25,52,1759,1759,3504
25,52,1759,1759,3504
25,52,1759,1759,3504
25,52,1759,1759,3504
25,52,1759,1759,3504
25,52,1759,1759,3504
25,52,1759,1759,3504
25,52,1759,1759,3504
25,52,1759,1759,3504
25,52,1759,1759,3504
25,52,1759,1759,3504
25,52,1759,1759,3504
25,52,1759,1759,3504
25,52,1759,1759,3504
25,52,1759,1759,3504
25,52,1759,1759,3504
25,52,1759,1759,3504
25,52,1759,1759,3504
25,52,1759,1759,3504
25,52,1759,1759,3504
25,52,1759,1759,3504
25,52,1759,1759,3504
25,52,1759,1759,3504
25,52,1759,1759,3504
25,52,1759,1759,3504
25,52,1759,1759,3504
25,52,1759,1759,3504
25,52,1759,1759,3504
25,52,1759,1759,3504
25,52,1759,1759,3504
25,52,1759,1759,3504
25,52,1759,1759,3504
25,52,1759,1759,3504
25,52,1759,1759,3504
25,52,1759,1759,3504
25,52,1759,1759,3504
25,52,1759,1759,3504
25,52,1759,1759,3504
25,52,1759,1759,3504
25,52,1759,1759,3504
25,52,1759,1759,3504
25,52,1759,1759,3504
25,52,1759,1759,3504
25,52,1759,1759,3504
25,52,1759,1759,3504
25,52,1759,1759,3504
25,52,1759,1759,3504
25,52,1759,1759,3504
25,52,1759,1759,3504
25,52,1759,1759,3504
25,52,1759,1759,3504
25,52,1759,1759,3504
25,52,1759,1759,3504
25,52,1759,1759,3504
25,52,1759,1759,3504
25,52,1759,1759,3504
25,52,1759,1759,3504
25,52,1759,1759,3504
25,52,1759,1759,3504
25,52,1759,1759,3504
25,52,1759,1759,3504
25,52,1759,1759,3504
25,52,1759,1759,3504
25,52,1759,1759,3504
25,53,1759,1759,3504
25,53,1759,1759,3504
25,53,1759,1759,3504
25,53,1759,1759,3504
25,53,1759,1759,3504
25,53,1759,1759,3504
25,53,1759,1759,3504
25,53,1759,1759,3504
25,53,1759,1759,3504
25,53,1759,1759,3504
25,53,1759,1759,3504
25,53,1759,1759,3504
25,53,1759,1759,3504
25,53,1759,1759,3504
25,53,1759,1759,3504
25,53,1759,1759,3504
25,53,1759,1759,3504
25,53,1759,1759,3504
25,53,1759,1759,3504
25,53,1759,1759,3504
25,53,1759,1759,3504
25,53,1759,1759,3504
25,53,1759,1759,3504
25,53,1759,1759,3504
25,53,1759,1759,3504
25,53,1759,1759,3504
25,53,1759,1759,3504
25,53,1759,1759,3504
25,53,1759,1759,3504
25,53,1759,1759,3504
25,53,1759,1759,3504
25,53,1759,1759,3504
25,53,1759,1759,3504
25,53,1759,1759,3504
25,53,1759,1759,3504
25,53,1759,1759,3504
25,53,1759,1759,3504
25,53,1759,1759,3504
25,53,1759,1759,3504
25,53,1759,1759,3504
25,53,1759,1759,3504
25,53,1759,1759,3504
25,53,1759,1759,3504
25,53,1759,1759,3504
25,53,1759,1759,3504
25,53,1759,1759,3504
25,53,1759,1759,3504
25,53,1759,1759,3504
25,53,1759,1759,3504
25,53,1759,1759,3504
25,53,1759,1759,3504
25,53,1759,1759,3504
25,53,1759,1759,3504
25,53,1759,1759,3504
25,53,1759,1759,3504
25,53,1759,1759,3504
25,53,1759,1759,3504
25,53,1759,1759,3504
25,53,1759,1759,3504
25,53,1759,1759,3504
25,53,1759,1759,3504
25,53,1759,1759,3504
25,53,1759,1759,3504
25,53,1759,1759,3504
25,53,1759,1759,3504
25,53,1759,1759,3504
25,53,1759,1759,3504
25,53,1759,1759,3504
25,54,1759,1759,3504
25,54,1759,1759,3504
25,54,1759,1759,3504
25,54,1759,1759,3504
25,54,1759,1759,3504
25,54,1759,1759,3504
25,54,1759,1759,3504
25,54,1759,1759,3504
25,54,1759,1759,3504
25,54,1759,1759,3504
25,54,1759,1759,3504
25,54,1759,1759,3504
25,54,1759,1759,3504
25,54,1759,1759,3504
25,54,1759,1759,3504
25,54,1759,1759,3504
25,54,1759,1759,3504
25,54,1759,1759,3504
25,54,1759,1759,3504
25,54,1759,1759,3504
25,54,1759,1759,3504
25,54,1759,1759,3504
25,54,1759,1759,3504
25,54,1759,1759,3504
25,54,1759,1759,3504
25,54,1759,1759,3504
25,54,1759,1759,3504
25,54,1759,1759,3504
25,54,1759,1759,3504
25,54,1759,1759,3504
25,54,1759,1759,3504
25,54,1759,1759,3504
25,54,1759,1759,3504
25,54,1759,1759,3504
25,54,1759,1759,3504
25,54,1759,1759,3504
25,54,1759,1759,3504
25,54,1759,1759,3504
25,54,1759,1759,3504
25,54,1759,1759,3504
25,54,1759,1759,3504
25,54,1759,1759,3504
25,54,1759,1759,3504
25,54,1759,1759,3504
25,54,1759,1759,3504
25,54,1759,1759,3504
25,54,1759,1759,3504
25,54,1759,1759,3504
25,54,1759,1759,3504
25,54,1759,1759,3504
25,54,1759,1759,3504
25,54,1759,1759,3504
25,54,1759,1759,3504
25,54,1759,1759,3504
25,54,1759,1759,3504
25,54,1759,1759,3504
25,54,1759,1759,3504
25,54,1759,1759,3504
25,54,1759,1759,3504
25,54,1759,1759,3504
25,54,1759,1759,3504
25,54,1759,1759,3504
25,54,1759,1759,3504
25,54,1759,1759,3504
25,54,1759,1759,3504
25,54,1759,1759,3504
25,54,1759,1759,3504
25,54,1759,1759,3504
25,54,1759,1759,3504
25,54,1759,1759,3504
25,54,1759,1759,3504
25,54,1759,1759,3504
25,54,1759,1759,3504
25,55,1759,1759,3504
25,55,1759,1759,3504
25,55,1759,1759,3504
25,55,1759,1759,3504
25,55,1759,1759,3504
25,55,1759,1759,3504
25,55,1759,1759,3504
25,55,1759,1759,3504
25,55,1759,1759,3504
25,55,1759,1759,3504
25,55,1759,1759,3504
25,55,1759,1759,3504
25,55,1759,1759,3504
25,55,1759,1759,3504
25,55,1759,1759,3504
25,55,1759,1759,3504
25,55,1759,1759,3504
25,55,1759,1759,3504
25,55,1759,1759,3504
25,55,1759,1759,3504
25,55,1759,1759,3504
25,55,1759,1759,3504
25,55,1759,1759,3504
25,55,1759,1759,3504
25,55,1759,1759,3504
25,55,1759,1759,3504
25,55,1759,1759,3504
25,55,1759,1759,3504
25,55,1759,1759,3504
25,55,1759,1759,3504
25,55,1759,1759,3504
25,55,1759,1759,3504
25,55,1759,1759,3504
25,55,1759,1759,3504
25,55,1759,1759,3504
25,55,1759,1759,3504
25,55,1759,1759,3504
25,55,1759,1759,3504
26,55,1759,1759,3504
26,55,1759,1759,3504
26,55,1759,1759,3504
26,55,1759,1759,3504
26,55,1759,1759,3504
26,55,1759,1759,3504
26,55,1759,1759,3504
26,55,1759,1759,3504
26,55,1759,1759,3504
26,55,1759,1759,3504
26,55,1759,1759,3504
26,55,1759,1759,3504
26,55,1759,1759,3504
26,55,1759,1759,3504
26,55,1759,1759,3504
26,55,1759,1759,3504
26,55,1759,1759,3504
26,55,1759,1759,3504
26,55,1759,1759,3504
26,55,1759,1759,3504
26,55,1759,1759,3504
26,55,1759,1759,3504
26,55,1759,1759,3504
26,55,1759,1759,3504
26,55,1759,1759,3504
26,55,1759,1759,3504
26,55,1759,1759,3504
26,55,1759,1759,3504
26,55,1759,1759,3504
26,55,1759,1759,3504
26,55,1759,1759,3504
26,55,1759,1759,3504
26,55,1759,1759,3504
26,55,1759,1759,3504
26,55,1759,1759,3504
26,55,1759,1759,3504
26,55,1759,1759,3504
26,55,1759,1759,3504
26,55,1759,1759,3504
26,55,1759,1759,3504
26,55,1759,1759,3504
26,55,1759,1759,3504
26,55,1759,1759,3504
26,55,1759,1759,3504
26,55,1759,1759,3504
26,55,1759,1759,3504
26,55,1759,1759,3504
26,55,1759,1759,3504
26,55,1759,1759,3504
26,55,1759,1759,3504
26,55,1759,1759,3504
26,55,1759,1759,3504
26,55,1759,1759,3504
26,55,1759,1759,3504
26,55,1759,1759,3504
26,55,1759,1759,3504
26,55,1759,1759,3504
26,55,1759,1759,3504
26,55,1759,1759,3504
26,55,1759,1759,3504
26,55,1759,1759,3504
26,55,1759,1759,3504
26,55,1759,1759,3504
26,55,1759,1759,3504
26,55,1759,1759,3504
26,56,1759,1759,3504
26,56,1759,1759,3504
26,56,1759,1759,3504
26,56,1759,1759,3504
26,55,1759,1759,3504
26,55,1759,1759,3504
26,55,1759,1759,3504
26,56,1759,1759,3504
26,56,1759,1759,3504
26,56,1759,1759,3504
26,56,1759,1759,3504
26,56,1759,1759,3504
26,56,1759,1759,3504
26,56,1759,1759,3504
26,56,1759,1759,3504
26,56,1759,1759,3504
26,56,1759,1759,3504
26,56,1759,1759,3504
26,56,1759,1759,3504
26,56,1759,1759,3504
26,56,1759,1759,3504
26,56,1759,1759,3504
26,56,1759,1759,3504
26,56,1759,1759,3504
26,56,1759,1759,3504
26,56,1759,1759,3504
26,56,1759,1759,3504
26,56,1759,1759,3504
26,56,1759,1759,3504
26,56,1759,1759,3504
26,56,1759,1759,3504
26,56,1759,1759,3504
26,56,1759,1759,3504
26,56,1759,1759,3504
26,56,1759,1759,3504
26,56,1759,1759,3504
26,56,1759,1759,3504
26,56,1759,1759,3504
26,56,1759,1759,3504
26,56,1759,1759,3504
26,56,1759,1759,3504
26,56,1759,1759,3504
26,56,1759,1759,3504
26,56,1759,1759,3504
26,56,1759,1759,3504
26,56,1759,1759,3504
26,56,1759,1759,3504
26,56,1759,1759,3504
26,56,1759,1759,3504
26,56,1759,1759,3504
26,56,1759,1759,3504
26,56,1759,1759,3504
26,56,1759,1759,3504
26,56,1759,1759,3504
26,56,1759,1759,3504
26,56,1759,1759,3504
26,56,1759,1759,3504
26,56,1759,1759,3504
26,56,1759,1759,3504
26,56,1759,1746,3504
26,56,1746,1746,3504
26,56,1746,1746,3504
26,56,1746,1746,3504
26,56,1746,1746,3504
26,56,1746,1746,3504
26,56,1746,1746,3504
26,56,1746,1746,3504
26,56,1746,1746,3504
26,56,1746,1746,3504
26,56,1746,1746,3504
26,56,1746,1746,3504
26,56,1746,1746,3504
26,56,1746,1746,3504
26,56,1746,1746,3504
26,56,1746,1746,3504
26,56,1746,1746,3504
26,56,1746,1746,3504
26,56,1746,1746,3504
26,56,1746,1746,3504
26,56,1746,1746,3504
26,56,1746,1746,3504
26,56,1746,1746,3504
26,56,1746,1746,3504
26,56,1746,1746,3504
26,56,1746,1746,3504
26,56,1746,1746,3504
26,56,1746,1746,3504
26,56,1746,1746,3504
26,56,1746,1746,3504
26,56,1746,1746,3504
26,56,1746,1746,3504
26,56,1746,1746,3504
26,56,1746,1746,3504
26,56,1746,1746,3504
26,56,1746,1746,3504
26,56,1746,1746,3504
26,56,1746,1746,3504
26,56,1746,1746,3504
26,56,1746,1746,3504
26,56,1746,1746,3504
26,56,1746,1746,3504
26,56,1746,1746,3504
26,56,1746,1746,3504
26,56,1746,1746,3504
26,56,1746,1746,3504
26,56,1746,1746,3504
26,56,1746,1746,3504
26,56,1746,1746,3504
26,56,1746,1746,3504
26,56,1746,1746,3504
26,56,1746,1746,3504
26,56,1746,1746,3504
26,56,1746,1746,3504
26,56,1746,1746,3504
26,56,1746,1746,3504
26,56,1746,1746,3504
26,56,1746,1746,3504
26,57,1746,1746,3504
26,57,1746,1746,3504
26,57,1746,1746,3504
26,57,1746,1746,3504
26,57,1746,1746,3504
26,57,1746,1746,3504
26,57,1746,1746,3504
26,57,1746,1746,3504
26,57,1746,1746,3504
26,57,1746,1746,3504
26,57,1746,1746,3504
26,57,1746,1746,3504
26,57,1746,1746,3504
26,57,1746,1746,3504
26,57,1746,1746,3504
26,57,1746,1746,3504
26,57,1746,1746,3504
26,57,1746,1746,3504
26,57,1746,1746,3504
26,57,1746,1746,3504
26,57,1746,1746,3504
26,57,1746,1746,3504
26,57,1746,1746,3504
26,57,1746,1746,3504
26,57,1746,1746,3504
26,57,1746,1746,3504
26,57,1746,1746,3504
26,57,1746,1746,3504
26,57,1746,1746,3504
26,57,1746,1746,3504
26,57,1746,1746,3504
26,57,1746,1746,3504
26,57,1746,1746,3504
26,57,1746,1746,3504
26,57,1746,1746,3504
26,57,1746,1746,3504
26,57,1746,1746,3504
26,57,1746,1746,3504
26,57,1746,1746,3504
26,57,1746,1746,3504
26,57,1746,1746,3504
26,57,1746,1746,3504
26,57,1746,1746,3504
26,57,1746,1746,3504
26,57,1746,1746,3504
26,57,1746,1746,3504
26,57,1746,1746,3504
26,57,1746,1746,3504
26,57,1746,1746,3504
26,57,1746,1746,3504
26,57,1746,1746,3504
26,57,1746,1746,3504
26,57,1746,1746,3504
26,57,1746,1746,3504
26,57,1746,1746,3504
26,57,1746,1746,3504
26,57,1746,1746,3504
26,57,1746,1746,3504
25,57,1746,1746,3504
25,57,1746,1746,3504
25,57,1746,1746,3504
25,57,1746,1746,3504
25,57,1746,1746,3504
25,57,1746,1746,3504
25,57,1746,1746,3504
25,57,1746,1746,3504
25,57,1746,1746,3504
25,57,1746,1746,3504
25,56,1746,1746,3504
25,56,1746,1746,3504
25,56,1746,1746,3504
25,56,1746,1746,3504
25,56,1746,1746,3504
25,56,1746,1746,3504
25,56,1746,1746,3504
24,56,1746,1746,3504
24,56,1746,1746,3504
24,56,1746,1746,3504
24,56,1746,1746,3504
24,56,1746,1746,3504
24,56,1746,1746,3504
24,56,1746,1746,3504
24,56,1746,1746,3504
24,56,1746,1746,3504
24,56,1746,1746,3504
24,56,1746,1746,3504
24,56,1746,1746,3504
23,56,1746,1746,3504
23,56,1746,1746,3504
23,56,1746,1746,3504
23,56,1746,1746,3504
23,56,1746,1746,3504
23,56,1746,1746,3504
23,56,1746,1746,3504
23,56,1746,1746,3504
23,55,1746,1746,3504
23,55,1746,1746,3504
23,55,1746,1746,3504
23,55,1746,1746,3504
23,55,1746,1746,3504
23,55,1746,1746,3504
23,55,1746,1746,3504
23,55,1746,1746,3504
23,55,1746,1746,3504
23,55,1746,1746,3504
23,55,1746,1746,3504
23,55,1746,1746,3504
23,55,1746,1746,3504
23,55,1746,1746,3504
23,55,1746,1746,3504
23,55,1746,1746,3504
23,55,1746,1746,3504
23,55,1746,1746,3504
23,55,1746,1746,3504
23,55,1746,1746,3504
23,55,1746,1746,3504
23,55,1746,1746,3504
23,55,1746,1746,3504
23,55,1746,1746,3504
23,55,1746,1746,3504
23,55,1746,1746,3504
23,55,1746,1746,3504
23,55,1746,1746,3504
23,55,1746,1746,3504
23,55,1746,1746,3504
23,55,1746,1746,3504
23,55,1746,1746,3504
23,55,1746,1746,3504
23,55,1746,1746,3504
23,55,1746,1746,3504
23,55,1746,1746,3504
23,55,1746,1746,3504
23,54,1746,1746,3504
23,54,1746,1746,3504
23,54,1746,1746,3504
23,54,1746,1746,3504
23,54,1746,1746,3504
23,54,1746,1746,3504
23,54,1746,1746,3504
23,54,1746,1746,3504
23,54,1746,1746,3504
23,54,1746,1746,3504
23,54,1746,1746,3504
23,54,1746,1746,3504
23,54,1746,1746,3504
23,54,1746,1746,3504
23,54,1746,1746,3504
23,54,1746,1746,3504
23,54,1746,1746,3504
23,54,1746,1746,3504
23,54,1746,1746,3504
23,54,1746,1746,3504
23,54,1746,1746,3504
23,54,1746,1746,3504
23,54,1746,1746,3504
23,54,1746,1746,3504
23,54,1746,1746,3504
23,54,1746,1746,3504
23,54,1746,1746,3504
23,54,1746,1746,3504
23,54,1746,1746,3504
23,54,1746,1746,3504
23,54,1746,1746,3504
23,54,1746,1746,3504
23,54,1746,1746,3504
23,54,1746,1746,3504
23,54,1746,1746,3504
23,54,1746,1746,3504
23,54,1746,1746,3504
23,54,1746,1746,3504
23,54,1746,1746,3504
23,54,1746,1746,3504
23,54,1746,1746,3504
23,54,1746,1746,3504
23,54,1746,1746,3504
23,54,1746,1746,3504
23,54,1746,1746,3504
23,54,1746,1746,3504
23,54,1746,1746,3504
23,54,1746,1746,3504
23,54,1746,1746,3504
23,54,1746,1746,3504
23,54,1746,1746,3504
23,54,1746,1746,3504
23,54,1746,1746,3504
23,54,1746,1746,3504
23,54,1746,1746,3504
23,54,1746,1746,3504
23,54,1746,1746,3504
23,54,1746,1746,3504
23,54,1746,1746,3504
23,54,1746,1746,3504
23,54,1746,1746,3504
23,54,1746,1746,3504
23,54,1746,1746,3504
23,54,1746,1746,3504
23,54,1746,1746,3504
23,54,1746,1746,3504
23,54,1746,1746,3504
23,54,1746,1746,3504
23,54,1746,1746,3504
23,54,1746,1746,3504
23,54,1746,1746,3504
23,54,1746,1746,3504
23,54,1746,1746,3504
23,54,1746,1746,3504
23,54,1746,1746,3504
23,54,1746,1746,3504
23,54,1746,1746,3504
23,54,1746,1746,3504
23,54,1746,1746,3504
23,54,1746,1746,3504
23,54,1746,1746,3504
23,54,1746,1746,3504
23,54,1746,1746,3504
23,54,1746,1746,3504
23,54,1746,1746,3504
23,54,1746,1746,3504
23,54,1746,1746,3504
23,54,1746,1746,3504
23,54,1746,1746,3504
23,54,1746,1746,3504
23,54,1746,1746,3504
23,54,1746,1746,3504
23,54,1746,1746,3504
23,54,1746,1746,3504
23,54,1746,1746,3504
23,54,1746,1746,3504
23,54,1746,1746,3504
23,54,1746,1746,3504
23,54,1746,1746,3504
23,54,1746,1746,3504
23,54,1746,1746,3504
23,54,1746,1746,3504
23,54,1746,1746,3504
23,53,1746,1746,3504
23,53,1746,1746,3504
23,53,1746,1746,3504
23,53,1746,1746,3504
23,53,1746,1746,3504
23,53,1746,1746,3504
23,53,1746,1746,3504
23,53,1746,1746,3504
23,53,1746,1746,3504
23,53,1746,1746,3504
23,53,1746,1746,3504
23,53,1746,1746,3504
23,53,1746,1746,3504
23,53,1746,1746,3504
23,53,1746,1746,3504
23,53,1746,1746,3504
23,53,1746,1746,3504
23,53,1746,1746,3504
23,53,1746,1746,3504
23,53,1746,1746,3504
23,53,1746,1746,3504
23,53,1746,1746,3504
23,53,1746,1746,3504
23,53,1746,1746,3504
23,53,1746,1746,3504
23,53,1746,1746,3504
23,53,1746,1746,3504
23,53,1746,1746,3504
23,53,1746,1746,3504
23,53,1746,1746,3504
23,53,1746,1746,3504
23,53,1746,1746,3504
23,53,1746,1746,3504
23,53,1746,1746,3504
23,53,1746,1746,3504
23,53,1746,1746,3504
23,53,1746,1746,3504
23,53,1746,1746,3504
23,53,1746,1746,3504
23,53,1746,1746,3504
23,53,1746,1746,3504
23,53,1746,1746,3504
23,53,1746,1746,3504
23,53,1746,1746,3504
23,53,1746,1746,3504
23,53,1746,1746,3504
23,53,1746,1746,3504
23,53,1746,1746,3504
23,53,1746,1746,3504
23,53,1746,1746,3504
23,53,1746,1746,3504
23,53,1746,1746,3504
23,53,1746,1746,3504
23,53,1746,1746,3504
23,53,1746,1746,3504
23,53,1746,1746,3504
23,53,1746,1746,3504
23,53,1746,1746,3504
23,53,1746,1746,3504
23,53,1746,1746,3504
23,53,1746,1746,3504
23,53,1746,1746,3504
23,53,1746,1746,3504
23,53,1746,1746,3504
23,53,1746,1746,3504
23,53,1746,1746,3504
23,53,1746,1746,3504
23,53,1746,1746,3504
23,53,1746,1746,3504
23,53,1746,1746,3504
23,53,1746,1746,3504
23,53,1746,1746,3504
23,53,1746,1746,3504
23,53,1746,1746,3504
23,53,1746,1746,3504
23,53,1746,1746,3504
23,53,1746,1746,3504
23,53,1746,1746,3504
23,53,1746,1746,3504
23,53,1746,1746,3504
23,53,1746,1746,3504
23,53,1746,1746,3504
23,53,1746,1746,3504
23,53,1746,1746,3504
23,53,1746,1746,3504
23,53,1746,1746,3504
23,53,1746,1746,3504
23,53,1746,1746,3504
23,53,1746,1746,3504
23,53,1746,1746,3504
23,53,1746,1746,3504
23,53,1746,1746,3504
23,53,1746,1746,3504
23,53,1746,1746,3504
23,53,1746,1746,3504
23,53,1746,1746,3504
23,53,1746,1746,3504
23,53,1746,1746,3504
23,53,1746,1746,