4,15,139,139,405
4,15,139,139,405
4,15,139,139,405
4,15,1290,1290,3504
4,15,1290,1290,3504
6,15,1290,1290,3504
6,15,1290,1290,3504
6,15,1290,1290,3504
6,15,1290,1290,3504
6,16,1290,1290,3504
6,16,1290,1290,3504
6,16,1290,1290,3504
7,16,1290,1290,3504
7,16,1290,1290,3504
7,16,1290,1290,3504
7,17,1290,1290,3504
7,17,1290,1290,3504
7,17,1290,1290,3504
17,17,1290,1290,3504
17,17,1430,1430,3504
17,17,1430,1430,3504
17,17,1430,1430,3504
17,17,1430,1430,3504
17,18,1430,1430,3504
17,18,1430,1430,3504
18,18,1430,1430,3504
18,18,1430,1430,3504
18,18,1430,1430,3504
18,19,1430,1430,3504
18,19,1430,1430,3504
18,19,1430,1430,3504
19,19,1430,1430,3504
19,19,1430,1430,3504
19,19,1430,1430,3504
19,20,1582,1582,3504
19,20,1582,1582,3504
19,20,1582,1582,3504
19,20,1582,1582,3504
19,20,1582,1582,3504
19,21,1582,1582,3504
19,21,1582,1582,3504
19,21,1582,1582,3504
19,21,1582,1582,3504
20,21,1582,1582,3504
20,22,1582,1582,3504
20,22,1582,1582,3504
20,22,1582,1582,3504
20,22,1582,1582,3504
20,23,1746,1746,3504
21,23,1746,1746,3504
21,23,1746,1746,3504
21,24,1746,1746,3504
21,24,1746,1746,3504
21,24,1746,1746,3504
21,24,1746,1746,3504
21,24,1746,1746,3504
21,25,1746,1746,3504
21,25,1746,1746,3504
21,25,1746,1746,3504
21,25,1746,1746,3504
21,25,1746,1746,3504
23,25,1746,1746,3504
23,26,1746,1746,3504
23,26,1797,1797,3504
23,26,1797,1797,3504
23,26,1797,1797,3504
23,26,1797,1797,3504
24,27,1797,1797,3504
24,27,1797,1797,3504
24,27,1797,1797,3504
24,28,1797,1797,3504
24,28,1797,1797,3504
24,28,1797,1797,3504
24,28,1797,1797,3504
24,28,1797,1797,3504
24,29,1797,1797,3504
24,29,1797,1797,3504
24,29,1797,1797,3504
24,29,1797,1797,3504
24,29,1797,1797,3504
25,29,1797,1797,3504
25,29,1797,1797,3504
25,29,1797,1784,3504
25,30,1784,1784,3504
25,30,1784,1784,3504
25,30,1784,1784,3504
25,30,1784,1784,3504
25,31,1784,1784,3504
25,31,1784,1784,3504
25,31,1784,1784,3504
25,31,1784,1784,3504
25,31,1784,1784,3504
25,31,1784,1784,3504
25,31,1784,1784,3504
25,31,1784,1784,3504
25,31,1784,1784,3504
25,32,1784,1784,3504
25,32,1784,1784,3504
25,32,1784,1784,3504
25,32,1784,1784,3504
25,32,1784,1784,3504
25,32,1784,1784,3504
25,32,1784,1784,3504
25,32,1784,1784,3504
25,33,1784,1784,3504
25,33,1784,1784,3504
25,33,1784,1784,3504
25,33,1784,1784,3504
25,33,1784,1784,3504
25,33,1784,1784,3504
25,33,1784,1784,3504
25,33,1784,1784,3504
25,34,1784,1784,3504
25,34,1784,1784,3504
25,34,1784,1784,3504
25,34,1784,1784,3504
25,34,1784,1784,3504
25,34,1784,1784,3504
25,34,1784,1784,3504
25,34,1784,1784,3504
25,34,1784,1784,3504
25,34,1784,1784,3504
25,34,1784,1784,3504
25,35,1784,1784,3504
25,35,1784,1784,3504
25,35,1784,1784,3504
25,35,1784,1784,3504
25,35,1784,1784,3504
25,35,1784,1784,3504
25,35,1784,1784,3504
25,35,1784,1784,3504
25,35,1784,1784,3504
25,35,1784,1784,3504
25,35,1784,1784,3504
25,36,1784,1784,3504
25,36,1784,1771,3504
25,36,1771,1771,3504
25,36,1771,1771,3504
25,36,1771,1771,3504
25,36,1771,1771,3504
25,36,1771,1771,3504
25,36,1771,1771,3504
25,37,1771,1771,3504
25,37,1771,1771,3504
25,37,1771,1771,3504
25,37,1771,1771,3504
25,37,1771,1771,3504
25,37,1771,1771,3504
25,37,1771,1771,3504
25,37,1771,1771,3504
25,37,1771,1771,3504
25,37,1771,1771,3504
25,37,1771,1771,3504
25,37,1771,1771,3504
25,37,1771,1771,3504
25,37,1771,1771,3504
25,37,1771,1771,3504
25,37,1771,1771,3504
25,37,1771,1771,3504
25,38,1771,1771,3504
25,38,1771,1771,3504
25,38,1771,1771,3504
25,38,1771,1771,3504
25,38,1771,1771,3504
25,38,1771,1771,3504
25,38,1771,1771,3504
25,38,1771,1771,3504
25,38,1771,1771,3504
25,38,1771,1771,3504
25,38,1771,1771,3504
25,38,1771,1771,3504
25,38,1771,1771,3504
25,38,1771,1771,3504
25,38,1771,1771,3504
25,38,1771,1771,3504
25,39,1771,1771,3504
25,39,1771,1771,3504
25,39,1771,1771,3504
25,39,1771,1771,3504
25,39,1771,1771,3504
25,39,1771,1771,3504
25,39,1771,1771,3504
25,39,1771,1771,3504
25,39,1771,1771,3504
25,39,1771,1771,3504
25,39,1771,1771,3504
25,39,1771,1771,3504
25,39,1771,1771,3504
25,39,1771,1771,3504
25,39,1771,1771,3504
25,39,1771,1771,3504
25,39,1771,1771,3504
25,40,1771,1771,3504
25,40,1771,1771,3504
25,40,1771,1771,3504
25,40,1771,1771,3504
25,40,1771,1771,3504
25,40,1771,1771,3504
25,40,1771,1771,3504
25,40,1771,1771,3504
25,40,1771,1771,3504
25,40,1771,1771,3504
25,40,1771,1771,3504
25,40,1771,1771,3504
25,40,1771,1771,3504
25,40,1771,1771,3504
25,40,1771,1771,3504
25,40,1771,1771,3504
25,40,1771,1771,3504
25,40,1771,1771,3504
25,40,1771,1771,3504
25,40,1771,1771,3504
25,40,1771,1771,3504
25,41,1771,1771,3504
25,41,1771,1771,3504
25,41,1771,1771,3504
25,41,1771,1771,3504
25,41,1771,1771,3504
25,41,1771,1771,3504
25,41,1771,1771,3504
25,41,1771,1771,3504
25,41,1771,1771,3504
25,41,1771,1771,3504
25,41,1771,1771,3504
25,41,1771,1771,3504
25,41,1771,1771,3504
25,41,1771,1771,3504
25,41,1771,1771,3504
25,41,1771,1771,3504
25,41,1771,1771,3504
25,41,1771,1771,3504
25,42,1771,1771,3504
25,42,1771,1771,3504
25,42,1771,1771,3504
25,42,1771,1771,3504
25,42,1771,1771,3504
25,42,1771,1771,3504
25,42,1771,1771,3504
25,42,1771,1771,3504
25,42,1771,1771,3504
25,42,1771,1771,3504
25,42,1771,1771,3504
25,42,1771,1771,3504
25,42,1771,1771,3504
25,42,1771,1771,3504
25,42,1771,1771,3504
25,42,1771,1771,3504
25,42,1771,1771,3504
25,42,1771,1771,3504
25,42,1771,1771,3504
25,42,1771,1771,3504
25,43,1771,1771,3504
25,43,1771,1771,3504
25,43,1771,1771,3504
25,43,1771,1771,3504
25,43,1771,1771,3504
25,43,1771,1771,3504
25,43,1771,1771,3504
25,43,1771,1771,3504
25,43,1771,1771,3504
25,43,1771,1771,3504
25,43,1771,1771,3504
25,43,1771,1771,3504
25,43,1771,1771,3504
25,43,1771,1771,3504
25,43,1771,1771,3504
25,43,1771,1771,3504
25,43,1771,1771,3504
25,43,1771,1771,3504
25,43,1771,1771,3504
25,43,1771,1771,3504
25,43,1771,1771,3504
25,43,1771,1771,3504
25,43,1771,1771,3504
25,43,1771,1771,3504
25,43,1771,1771,3504
25,43,1771,1771,3504
25,43,1771,1771,3504
25,43,1771,1771,3504
25,43,1771,1771,3504
25,43,1771,1771,3504
25,44,1771,1771,3504
25,44,1771,1771,3504
25,44,1771,1771,3504
25,44,1771,1771,3504
25,44,1771,1771,3504
25,44,1771,1771,3504
25,44,1771,1771,3504
25,44,1771,1771,3504
25,44,1771,1771,3504
25,44,1771,1771,3504
25,44,1771,1771,3504
25,44,1771,1771,3504
25,44,1771,1771,3504
25,44,1771,1771,3504
25,44,1771,1771,3504
25,44,1771,1771,3504
25,44,1771,1771,3504
25,44,1771,1771,3504
25,44,1771,1771,3504
25,44,1771,1771,3504
25,44,1771,1771,3504
25,44,1771,1771,3504
25,44,1771,1771,3504
25,44,1771,1771,3504
25,44,1771,1771,3504
25,44,1771,1771,3504
25,44,1771,1771,3504
25,44,1771,1771,3504
25,44,1771,1771,3504
25,44,1771,1771,3504
25,45,1771,1771,3504
25,45,1771,1771,3504
25,45,1771,1771,3504
25,45,1771,1771,3504
25,45,1771,1771,3504
25,45,1771,1771,3504
25,45,1771,1771,3504
25,45,1771,1771,3504
25,45,1771,1771,3504
25,45,1771,1771,3504
25,45,1771,1771,3504
25,45,1771,1771,3504
25,45,1771,1771,3504
25,45,1771,1771,3504
25,45,1771,1771,3504
25,45,1771,1771,3504
25,45,1771,1771,3504
25,45,1771,1771,3504
25,45,1771,1771,3504
25,45,1771,1771,3504
25,45,1771,1771,3504
25,45,1771,1771,3504
25,45,1771,1771,3504
25,45,1771,1771,3504
25,45,1771,1771,3504
25,45,1771,1771,3504
25,45,1771,1771,3504
25,45,1771,1771,3504
25,45,1771,1771,3504
25,45,1771,1771,3504
25,45,1771,1771,3504
25,45,1771,1771,3504
25,45,1771,1771,3504
25,46,1771,1771,3504
25,46,1771,1771,3504
25,46,1771,1771,3504
25,46,1771,1771,3504
25,46,1771,1771,3504
25,46,1771,1771,3504
25,46,1771,1771,3504
25,46,1771,1771,3504
25,46,1771,1771,3504
25,46,1771,1771,3504
25,46,1771,1771,3504
25,46,1771,1771,3504
25,46,1771,1771,3504
25,46,1771,1771,3504
25,46,1771,1771,3504
25,46,1771,1771,3504
25,46,1771,1771,3504
25,46,1771,1771,3504
25,46,1771,1771,3504
25,46,1771,1771,3504
25,46,1771,1771,3504
25,46,1771,1771,3504
25,46,1771,1771,3504
25,46,1771,1771,3504
25,46,1771,1771,3504
25,46,1771,1771,3504
25,46,1771,1771,3504
25,46,1771,1771,3504
25,46,1771,1771,3504
25,46,1771,1771,3504
25,46,1771,1771,3504
25,46,1771,1771,3504
25,46,1771,1771,3504
25,46,1771,1771,3504
25,46,1771,1771,3504
25,46,1771,1771,3504
25,46,1771,1771,3504
25,46,1771,1771,3504
25,46,1771,1771,3504
25,46,1771,1771,3504
25,47,1771,1771,3504
25,47,1771,1771,3504
25,47,1771,1771,3504
25,47,1771,1771,3504
25,47,1771,1771,3504
25,47,1771,1771,3504
25,47,1771,1771,3504
25,47,1771,1771,3504
25,47,1771,1771,3504
25,47,1771,1771,3504
25,47,1771,1771,3504
25,47,1771,1759,3504
25,47,1759,1759,3504
25,47,1759,1759,3504
25,47,1759,1759,3504
25,47,1759,1759,3504
25,47,1759,1759,3504
25,47,1759,1759,3504
25,47,1759,1759,3504
25,47,1759,1759,3504
25,47,1759,1759,3504
25,47,1759,1759,3504
25,47,1759,1759,3504
25,47,1759,1759,3504
25,47,1759,1759,3504
25,47,1759,1759,3504
25,47,1759,1759,3504
25,47,1759,1759,3504
25,47,1759,1759,3504
25,47,1759,1759,3504
25,47,1759,1759,3504
25,47,1759,1759,3504
25,47,1759,1759,3504
25,47,1759,1759,3504
25,48,1759,1759,3504
25,48,1759,1759,3504
25,48,1759,1759,3504
25,48,1759,1759,3504
25,48,1759,1759,3504
25,48,1759,1759,3504
25,48,1759,1759,3504
25,48,1759,1759,3504
25,48,1759,1759,3504
25,48,1759,1759,3504
25,48,1759,1759,3504
25,48,1759,1759,3504
25,48,1759,1759,3504
25,48,1759,1759,3504
25,48,1759,1759,3504
25,48,1759,1759,3504
25,48,1759,1759,3504
25,48,1759,1759,3504
26,48,1759,1759,3504
26,48,1759,1759,3504
26,48,1759,1759,3504
26,48,1759,1759,3504
26,48,1759,1759,3504
26,48,1759,1759,3504
26,48,1759,1759,3504
26,48,1759,1759,3504
26,48,1759,1759,3504
26,48,1759,1759,3504
26,48,1759,1759,3504
26,48,1759,1759,3504
26,48,1759,1759,3504
26,48,1759,1759,3504
26,48,1759,1759,3504
26,48,1759,1759,3504
26,48,1759,1759,3504
26,48,1759,1759,3504
26,48,1759,1759,3504
26,48,1759,1759,3504
26,48,1759,1759,3504
26,48,1759,1759,3504
26,48,1759,1759,3504
26,48,1759,1759,3504
26,48,1759,1759,3504
26,48,1759,1759,3504
26,48,1759,1759,3504
26,48,1759,1759,3504
26,49,1759,1759,3504
26,49,1759,1759,3504
26,49,1759,1759,3504
26,49,1759,1759,3504
26,49,1759,1759,3504
26,49,1759,1759,3504
26,49,1759,1759,3504
26,49,1759,1759,3504
26,49,1759,1759,3504
26,49,1759,1759,3504
26,49,1759,1759,3504
26,49,1759,1759,3504
26,49,1759,1759,3504
26,49,1759,1759,3504
26,49,1759,1759,3504
26,49,1759,1759,3504
26,49,1759,1759,3504
26,49,1759,1759,3504
26,49,1759,1759,3504
26,49,1759,1759,3504
26,49,1759,1759,3504
26,49,1759,1759,3504
26,49,1759,1759,3504
26,49,1759,1759,3504
26,49,1759,1759,3504
26,49,1759,1759,3504
26,49,1759,1759,3504
26,49,1759,1759,3504
26,49,1759,1759,3504
26,49,1759,1759,3504
26,49,1759,1759,3504
26,49,1759,1759,3504
26,49,1759,1759,3504
26,49,1759,1759,3504
26,49,1759,1759,3504
26,49,1759,1759,3504
26,49,1759,1759,3504
26,49,1759,1759,3504
26,49,1759,1759,3504
26,49,1759,1759,3504
26,49,1759,1759,3504
26,49,1759,1759,3504
26,49,1759,1759,3504
26,49,1759,1759,3504
26,49,1759,1759,3504
26,49,1759,1759,3504
26,49,1759,1759,3504
26,49,1759,1759,3504
26,50,1759,1759,3504
26,50,1759,1759,3504
26,50,1759,1759,3504
26,50,1759,1759,3504
26,50,1759,1759,3504
26,50,1759,1759,3504
26,50,1759,1759,3504
26,50,1759,1759,3504
26,50,1759,1759,3504
26,50,1759,1759,3504
26,50,1759,1759,3504
26,50,1759,1759,3504
26,50,1759,1759,3504
26,50,1759,1759,3504
26,50,1759,1759,3504
26,50,1759,1759,3504
26,50,1759,1759,3504
26,50,1759,1759,3504
26,50,1759,1759,3504
26,50,1759,1759,3504
26,50,1759,1759,3504
26,50,1759,1759,3504
26,50,1759,1759,3504
26,50,1759,1759,3504
26,50,1759,1759,3504
26,50,1759,1759,3504
26,50,1759,1759,3504
26,50,1759,1759,3504
26,50,1759,1759,3504
26,50,1759,1759,3504
26,50,1759,1759,3504
26,50,1759,1759,3504
26,50,1759,1759,3504
26,50,1759,1759,3504
26,50,1759,1759,3504
26,50,1759,1759,3504
26,51,1759,1759,3504
26,51,1759,1759,3504
26,51,1759,1759,3504
26,51,1759,1759,3504
26,51,1759,1759,3504
26,51,1759,1759,3504
26,51,1759,1759,3504
26,51,1759,1759,3504
26,51,1759,1759,3504
26,51,1759,1759,3504
26,51,1759,1759,3504
26,51,1759,1759,3504
26,51,1759,1759,3504
26,51,1759,1759,3504
26,51,1759,1759,3504
26,51,1759,1759,3504
26,51,1759,1759,3504
26,51,1759,1759,3504
26,51,1759,1759,3504
26,51,1759,1759,3504
26,51,1759,1759,3504
26,51,1759,1759,3504
26,51,1759,1759,3504
26,51,1759,1759,3504
26,51,1759,1759,3504
26,51,1759,1759,3504
26,51,1759,1759,3504
26,51,1759,1759,3504
26,51,1759,1759,3504
26,51,1759,1759,3504
26,51,1759,1759,3504
26,51,1759,1759,3504
26,51,1759,1759,3504
26,51,1759,1759,3504
26,51,1759,1759,3504
26,51,1759,1759,3504
26,51,1759,1759,3504
26,51,1759,1759,3504
26,51,1759,1759,3504
26,51,1759,1759,3504
26,51,1759,1759,3504
26,51,1759,1759,3504
26,51,1759,1759,3504
26,51,1759,1759,3504
26,51,1759,1759,3504
26,52,1759,1759,3504
26,52,1759,1759,3504
26,52,1759,1759,3504
26,52,1759,1759,3504
26,52,1759,1759,3504
26,52,1759,1759,3504
26,52,1759,1759,3504
26,52,1759,1759,3504
26,52,1759,1759,3504
26,52,1759,1759,3504
26,52,1759,1759,3504
26,52,1759,1759,3504
26,52,1759,1759,3504
26,52,1759,1759,3504
26,52,1759,1759,3504
26,52,1759,1759,3504
26,52,1759,1759,3504
26,52,1759,1759,3504
26,52,1759,1759,3504
26,52,1759,1759,3504
26,52,1759,1759,3504
26,52,1759,1759,3504
26,52,1759,1759,3504
26,52,1759,1759,3504
26,52,1759,1759,3504
26,52,1759,1759,3504
26,52,1759,1759,3504
26,52,1759,1759,3504
26,52,1759,1759,3504
26,52,1759,1759,3504
26,52,1759,1759,3504
26,52,1759,1759,3504
26,52,1759,1759,3504
26,52,1759,1759,3504
26,52,1759,1759,3504
26,52,1759,1759,3504
26,52,1759,1759,3504
26,52,1759,1759,3504
26,52,1759,1759,3504
26,52,1759,1759,3504
26,52,1759,1759,3504
26,52,1759,1759,3504
26,52,1759,1759,3504
26,52,1759,1759,3504
26,52,1759,1759,3504
26,52,1759,1759,3504
26,52,1759,1759,3504
26,52,1759,1759,3504
26,52,1759,1759,3504
26,52,1759,1759,3504
26,52,1759,1759,3504
26,52,1759,1759,3504
26,52,1759,1759,3504
26,53,1759,1759,3504
26,53,1759,1759,3504
26,53,1759,1759,3504
26,53,1759,1759,3504
26,53,1759,1759,3504
26,53,1759,1759,3504
26,53,1759,1759,3504
26,53,1759,1759,3504
26,53,1759,1759,3504
26,53,1759,1759,3504
26,53,1759,1759,3504
26,53,1759,1759,3504
26,53,1759,1759,3504
26,53,1759,1759,3504
26,53,1759,1759,3504
26,53,1759,1759,3504
26,53,1759,1759,3504
26,53,1759,1759,3504
26,53,1759,1759,3504
26,53,1759,1759,3504
26,53,1759,1759,3504
26,53,1759,1759,3504
26,53,1759,1759,3504
26,53,1759,1759,3504
26,53,1759,1759,3504
26,53,1759,1759,3504
26,53,1759,1759,3504
26,53,1759,1759,3504
26,53,1759,1759,3504
26,53,1759,1759,3504
26,53,1759,1759,3504
26,53,1759,1759,3504
26,53,1759,1759,3504
26,53,1759,1759,3504
26,53,1759,1759,3504
26,53,1759,1759,3504
26,53,1759,1759,3504
26,53,1759,1759,3504
26,53,1759,1759,3504
26,53,1759,1759,3504
26,53,1759,1759,3504
26,53,1759,1759,3504
26,53,1759,1759,3504
26,53,1759,1759,3504
26,53,1759,1759,3504
26,53,1759,1759,3504
26,53,1759,1759,3504
26,53,1759,1759,3504
26,53,1759,1759,3504
26,53,1759,1759,3504
26,53,1759,1759,3504
26,53,1759,1759,3504
26,53,1759,1759,3504
26,53,1759,1759,3504
26,53,1759,1759,3504
26,54,1759,1759,3504
26,54,1759,1759,3504
26,54,1759,1759,3504
26,54,1759,1759,3504
26,54,1759,1759,3504
26,54,1759,1759,3504
26,54,1759,1759,3504
26,54,1759,1759,3504
26,54,1759,1759,3504
26,54,1759,1759,3504
26,54,1759,1759,3504
26,54,1759,1759,3504
26,54,1759,1759,3504
26,54,1759,1759,3504
26,54,1759,1759,3504
26,54,1759,1759,3504
26,54,1759,1759,3504
26,54,1759,1759,3504
26,54,1759,1759,3504
26,54,1759,1759,3504
26,54,1759,1759,3504
26,54,1759,1759,3504
26,54,1759,1759,3504
26,54,1759,1759,3504
26,54,1759,1759,3504
26,54,1759,1759,3504
26,54,1759,1759,3504
26,54,1759,1759,3504
26,54,1759,1759,3504
26,54,1759,1759,3504
26,54,1759,1759,3504
26,54,1759,1759,3504
26,54,1759,1759,3504
26,54,1759,1759,3504
26,54,1759,1759,3504
26,54,1759,1759,3504
26,54,1759,1759,3504
26,54,1759,1759,3504
26,54,1759,1759,3504
26,54,1759,1759,3504
26,54,1759,1759,3504
26,54,1759,1759,3504
26,54,1759,1759,3504
26,54,1759,1759,3504
26,54,1759,1759,3504
26,54,1759,1759,3504
26,54,1759,1759,3504
26,54,1759,1759,3504
26,54,1759,1759,3504
26,54,1759,1759,3504
26,54,1759,1759,3504
26,54,1759,1759,3504
26,54,1759,1759,3504
26,54,1759,1759,3504
26,54,1759,1759,3504
26,54,1759,1759,3504
26,54,1759,1759,3504
26,54,1759,1759,3504
26,54,1759,1759,3504
26,54,1759,1759,3504
26,54,1759,1759,3504
26,55,1759,1759,3504
26,55,1759,1759,3504
26,55,1759,1759,3504
26,55,1759,1759,3504
26,55,1759,1759,3504
26,55,1759,1759,3504
26,54,1759,1759,3504
26,54,1759,1759,3504
26,54,1759,1759,3504
26,54,1759,1759,3504
26,55,1759,1759,3504
26,55,1759,1759,3504
26,55,1759,1759,3504
26,55,1759,1759,3504
26,55,1759,1759,3504
26,55,1759,1759,3504
26,55,1759,1759,3504
26,55,1759,1759,3504
26,55,1759,1759,3504
26,55,1759,1759,3504
26,55,1759,1759,3504
26,55,1759,1759,3504
26,55,1759,1759,3504
26,55,1759,1759,3504
26,55,1759,1759,3504
26,55,1759,1759,3504
26,55,1759,1759,3504
26,55,1759,1759,3504
26,55,1759,1759,3504
26,55,1759,1759,3504
26,55,1759,1759,3504
26,55,1759,1759,3504
26,55,1759,1759,3504
26,55,1759,1759,3504
26,55,1759,1759,3504
26,55,1759,1759,3504
26,55,1759,1759,3504
26,55,1759,1759,3504
26,55,1759,1759,3504
26,55,1759,1759,3504
26,55,1759,1759,3504
26,55,1759,1759,3504
26,55,1759,1759,3504
26,55,1759,1759,3504
26,55,1759,1759,3504
26,55,1759,1759,3504
26,55,1759,1759,3504
26,55,1759,1759,3504
26,55,1759,1759,3504
26,55,1759,1759,3504
26,55,1759,1759,3504
26,55,1759,1759,3504
26,55,1759,1759,3504
26,55,1759,1759,3504
26,55,1759,1759,3504
26,55,1759,1759,3504
26,55,1759,1759,3504
26,55,1759,1759,3504
26,55,1759,1759,3504
26,55,1759,1759,3504
26,55,1759,1759,3504
26,55,1759,1759,3504
26,55,1759,1759,3504
26,55,1759,1759,3504
26,55,1759,1759,3504
26,55,1759,1759,3504
26,55,1759,1759,3504
26,55,1759,1759,3504
26,55,1759,1759,3504
26,55,1759,1759,3504
26,55,1759,1759,3504
26,55,1759,1759,3504
26,55,1759,1759,3504
26,55,1759,1759,3504
26,55,1759,1759,3504
26,55,1759,1759,3504
26,55,1759,1759,3504
26,55,1759,1759,3504
26,55,1759,1759,3504
26,55,1759,1759,3504
26,55,1759,1759,3504
26,55,1759,1759,3504
26,55,1759,1759,3504
26,56,1759,1759,3504
26,56,1759,1759,3504
26,56,1759,1759,3504
26,56,1759,1759,3504
26,56,1759,1759,3504
26,56,1759,1759,3504
26,56,1759,1759,3504
26,56,1759,1759,3504
26,56,1759,1759,3504
26,56,1759,1759,3504
26,56,1759,1759,3504
26,56,1759,1759,3504
26,56,1759,1759,3504
26,56,1759,1759,3504
26,56,1759,1759,3504
26,56,1759,1759,3504
26,56,1759,1759,3504
26,56,1759,1759,3504
26,56,1759,1759,3504
26,56,1759,1759,3504
26,56,1759,1759,3504
26,56,1759,1759,3504
26,56,1759,1759,3504
26,56,1759,1759,3504
26,56,1759,1759,3504
26,56,1759,1759,3504
26,56,1759,1759,3504
26,56,1759,1759,3504
26,56,1759,1759,3504
26,56,1759,1759,3504
26,56,1759,1759,3504
26,56,1759,1759,3504
26,56,1759,1759,3504
26,56,1759,1759,3504
26,56,1759,1759,3504
26,56,1759,1759,3504
26,56,1759,1759,3504
26,56,1759,1759,3504
26,56,1759,1759,3504
26,56,1759,1759,3504
26,56,1759,1759,3504
26,56,1759,1759,3504
26,56,1759,1759,3504
26,56,1759,1759,3504
26,56,1759,1759,3504
26,56,1759,1759,3504
26,56,1759,1759,3504
26,56,1759,1759,3504
26,56,1759,1759,3504
26,56,1759,1759,3504
26,56,1759,1759,3504
26,56,1759,1759,3504
26,56,1759,1759,3504
26,56,1759,1759,3504
26,56,1759,1759,3504
26,56,1759,1759,3504
26,56,1759,1759,3504
26,56,1759,1759,3504
26,56,1759,1759,3504
26,56,1759,1759,3504
26,56,1759,1759,3504
26,56,1759,1759,3504
26,56,1759,1759,3504
26,56,1759,1759,3504
26,56,1759,1759,3504
26,56,1759,1759,3504
26,56,1759,1759,3504
26,56,1759,1759,3504
26,56,1759,1759,3504
26,56,1759,1759,3504
26,56,1759,1759,3504
26,56,1759,1759,3504
26,56,1759,1759,3504
26,56,1759,1759,3504
26,56,1759,1759,3504
26,56,1759,1759,3504
26,56,1759,1759,3504
26,56,1759,1759,3504
26,56,1759,1759,3504
26,56,1759,1759,3504
26,56,1759,1759,3504
26,57,1759,1759,3504
26,57,1759,1759,3504
26,57,1759,1759,3504
26,56,1759,1759,3504
26,56,1759,1759,3504
26,56,1759,1759,3504
26,56,1759,1759,3504
26,56,1759,1759,3504
26,56,1759,1759,3504
26,56,1759,1759,3504
25,56,1759,1759,3504
25,56,1759,1759,3504
25,56,1759,1759,3504
25,56,1759,1759,3504
25,56,1759,1759,3504
25,56,1759,1759,3504
25,56,1759,1759,3504
25,56,1759,1759,3504
25,56,1759,1759,3504
25,55,1759,1759,3504
25,55,1759,1759,3504
24,55,1759,1759,3504
24,55,1759,1759,3504
24,55,1759,1759,3504
24,55,1759,1759,3504
24,55,1759,1759,3504
24,55,1759,1759,3504
24,55,1759,1759,3504
24,55,1759,1759,3504
24,55,1759,1759,3504
24,55,1759,1759,3504
24,55,1759,1759,3504
24,55,1759,1759,3504
23,55,1759,1759,3504
23,55,1759,1759,3504
23,55,1759,1759,3504
23,55,1759,1759,3504
23,55,1759,1759,3504
23,55,1759,1759,3504
23,55,1759,1759,3504
23,55,1759,1759,3504
23,55,1759,1759,3504
23,55,1759,1759,3504
23,55,1759,1759,3504
23,55,1759,1759,3504
23,55,1759,1759,3504
23,55,1759,1759,3504
23,55,1759,1759,3504
23,54,1759,1759,3504
23,54,1759,1759,3504
23,54,1759,1759,3504
23,54,1759,1759,3504
23,54,1759,1759,3504
23,54,1759,1759,3504
23,54,1759,1759,3504
23,54,1759,1759,3504
23,54,1759,1759,3504
23,54,1759,1759,3504
23,54,1759,1759,3504
23,54,1759,1759,3504
23,54,1759,1759,3504
23,54,1759,1759,3504
23,54,1759,1759,3504
23,54,1759,1759,3504
23,54,1759,1759,3504
23,54,1759,1759,3504
23,54,1759,1759,3504
23,54,1759,1759,3504
23,54,1759,1759,3504
23,54,1759,1759,3504
23,54,1759,1759,3504
23,54,1759,1759,3504
23,54,1759,1759,3504
23,54,1759,1759,3504
23,54,1759,1759,3504
23,54,1759,1759,3504
23,54,1759,1759,3504
23,54,1759,1759,3504
23,54,1759,1759,3504
23,54,1759,1759,3504
23,54,1759,1759,3504
23,54,1759,1759,3504
23,54,1759,1759,3504
23,54,1759,1759,3504
23,54,1759,1759,3504
23,54,1759,1759,3504
23,54,1759,1759,3504
23,54,1759,1759,3504
23,54,1759,1759,3504
23,54,1759,1759,3504
23,54,1759,1759,3504
23,54,1759,1759,3504
23,54,1759,1759,3504
23,54,1759,1759,3504
23,54,1759,1759,3504
23,54,1759,1759,3504
23,54,1759,1759,3504
23,54,1759,1759,3504
23,54,1759,1759,3504
23,54,1759,1759,3504
23,53,1759,1759,3504
23,53,1759,1759,3504
23,54,1759,1759,3504
23,54,1759,1759,3504
23,54,1759,1759,3504
23,53,1759,1759,3504
23,53,1759,1759,3504
23,53,1759,1759,3504
23,54,1759,1759,3504
23,54,1759,1759,3504
23,53,1759,1759,3504
23,53,1759,1759,3504
23,53,1759,1759,3504
23,54,1759,1759,3504
23,54,1759,1759,3504
23,53,1759,1759,3504
23,53,1759,1759,3504
23,53,1759,1759,3504
23,53,1759,1759,3504
23,53,1759,1759,3504
23,53,1759,1759,3504
23,53,1759,1759,3504
23,53,1759,1759,3504
23,53,1759,1759,3504
23,53,1759,1759,3504
23,53,1759,1759,3504
23,53,1759,1759,3504
23,53,1759,1759,3504
23,53,1759,1759,3504
23,53,1759,1759,3504
23,53,1759,1759,3504
23,53,1759,1759,3504
23,53,1759,1759,3504
23,53,1759,1759,3504
23,53,1759,1759,3504
23,53,1759,1759,3504
23,53,1759,1759,3504
23,53,1759,1759,3504
23,53,1759,1759,3504
23,53,1759,1759,3504
23,53,1759,1759,3504
23,53,1759,1759,3504
23,53,1759,1759,3504
23,53,1759,1759,3504
23,53,1759,1759,3504
23,53,1759,1759,3504
23,53,1759,1759,3504
23,53,1759,1759,3504
23,53,1759,1759,3504
23,53,1759,1759,3504
23,53,1759,1759,3504
23,53,1759,1759,3504
23,53,1759,1759,3504
23,53,1759,1759,3504
23,53,1759,1759,3504
23,53,1759,1759,3504
23,53,1759,1759,3504
23,53,1759,1759,3504
23,53,1759,1759,3504
23,53,1759,1759,3504
23,53,1759,1759,3504
23,52,1759,1759,3504
23,52,1759,1759,3504
23,52,1759,1759,3504
23,52,1759,1759,3504
23,52,1759,1759,3504
23,53,1759,1759,3504
23,53,1759,1759,3504
23,53,1759,1759,3504
23,53,1759,1759,3504
23,53,1759,1759,3504
23,52,1759,1759,3504
23,52,1759,1759,3504
23,52,1759,1759,3504
23,52,1759,1759,3504
23,52,1759,1759,3504
23,52,1759,1759,3504
23,52,1759,1759,3504
23,52,1759,1759,3504
23,52,1759,1759,3504
23,52,1759,1759,3504
23,52,1759,1759,3504
23,52,1759,1759,3504
23,52,1759,1759,3504
23,52,1759,1759,3504
23,52,1759,1759,3504
23,52,1759,1759,3504
23,52,1759,1759,3504
23,52,1759,1759,3504
23,52,1759,1759,3504
23,52,1759,1759,3504
23,52,1759,1759,3504
23,52,1759,1759,3504
23,52,1759,1759,3504
23,52,1759,1759,3504
23,52,1759,1759,3504
23,52,1759,1759,3504
23,52,1759,1759,3504
23,52,1759,1759,3504
23,52,1759,1759,3504
23,52,1759,1759,3504
23,52,1759,1759,3504
23,52,1759,1759,3504
23,52,1759,1759,3504
23,52,1759,1759,3504
23,52,1759,1759,3504
23,52,1759,1759,3504
23,52,1759,1759,3504
23,52,1759,1759,3504
23,52,1759,1759,3504
23,52,1759,1759,3504
23,52,1759,1759,3504
23,52,1759,1759,3504
23,52,1759,1759,3504
23,52,1759,1759,3504
23,52,1759,1759,3504
23,52,1759,1759,3504
23,52,1759,1759,3504
23,52,1759,1759,3504
23,52,1759,1759,3504
23,52,1759,1759,3504
23,52,1759,1759,3504
23,52,1759,1759,3504
23,52,1759,1759,3504
23,52,1759,1759,3504
23,52,1759,1759,3504
23,52,1759,1759,3504
23,52,1759,1759,3504
23,52,1759,1759,3504
23,52,1759,1759,3504
23,52,1759,1759,3504
23,52,1759,1759,3504
23,52,1759,1759,3504
23,52,1759,1759,3504
23,52,1759,1759,3504
23,52,1759,1759,3504
23,52,1759,1759,3504
23,52,1759,1759,3504
23,52,1759,1759,3504
23,52,1759,1759,3504
23,52,1759,1759,3504
23,52,1759,1759,3504
23,52,1759,1759,3504
23,52,1759,1759,3504
23,52,1759,1759,3504
23,52,1759,1759,3504
23,52,1759,1759,3504
23,52,1759,1759,3504
23,52,1759,1759,3504
23,52,1759,1759,3504
23,52,1759,1759,3504
23,52,1759,1759,3504
23,52,1759,1759,3504
23,52,1759,1759,3504
23,52,1759,1759,3504
23,52,1759,1759,3504
23,52,1759,1759,3504
23,52,1759,1759,3504
23,52,1759,1759,3504
23,52,1759,1759,3504
23,52,1759,1759,3504
23,52,1759,1759,3504
23,52,1759,1759,3504
23,52,1759,1759,3504
23,52,1759,1759,3504
23,52,1759,1759,3504
23,52,1759,1759,3504
23,52,1759,1759,3504
23,52,1759,1759,3504
23,52,1759,1759,3504
23,52,1759,1759,3504
23,52,1759,1759,3504
23,52,1759,1759,3504
23,52,1759,1759,3504
23,52,1759,1759,3504
23,52,1759,1759,3504
23,52,1759,1759,3504
23,52,1759,1759,3504
23,52,1759,1759,3504
23,52,1759,1759,3504
23,52,1759,1759,3504
23,52,1759,1759,3504
23,52,1759,1759,3504
23,52,1759,1759,3504
23,52,1759,1759,3504
23,52,1759,1759,3504
23,52,1759,1759,3504
23,52,1759,1759,3504
23,52,1759,1759,3504
23,52,1759,1759,3504
23,52,1759,1759,3504
23,52,1759,1759,3504
23,52,1759,1759,3504
23,52,1759,1759,3504
23,52,1759,1759,3504
23,52,1759,1759,3504
23,52,1759,1759,3504
23,52,1759,1759,3504
23,52,1759,1759,3504
23,52,1759,1759,3504
23,52,1759,1759,3504
23,52,1759,1759,3504
23,52,1759,1759,3504
23,52,1759,1759,3504
23,52,1759,1759,3504
23,52,1759,1759,3504
23,52,1759,1759,3504
23,52,1759,1759,3504
23,52,1759,1759,3504
23,52,1759,1759,3504
23,52,1759,1759,3504
23,52,1759,1759,3504
23,52,1759,1759,3504
23,52,1759,1759,3504
23,52,1759,1759,3504
23,52,1759,1759,3504
23,52,1759,1759,3504
23,52,1759,1759,3504
23,52,1759,1759,3504
23,52,1759,1759,3504
23,52,1759,1759,3504
23,52,1759,1759,3504
23,52,1759,1759,3504
23,52,1759,1759,3504
23,52,1759,1759,3504
23,52,1759,1759,3504
23,52,1759,1759,3504
23,52,1759,1759,3504
23,52,1759,1759,3504
23,52,1759,1759,3504
23,52,1759,1759,3504
23,52,1759,1759,3504
23,52,1759,1759,3504
23,52,1759,1759,3504
23,52,1759,1759,3504
23,52,1759,1759,3504
23,52,1759,1759,3504
23,52,1759,1759,3504
23,52,1759,1759,3504
23,52,1759,1759,3504
23,52,1759,1759,3504
23,52,1759,1759,3504
23,52,1759,1759,3504
23,52,1759,1759,3504
23,52,1759,1759,3504
23,52,1759,1759,3504
23,52,1759,1759,3504
23,52,1759,1759,3504
23,52,1759,1759,3504
23,52,1759,1759,3504
23,52,1759,1759,3504
23,52,1759,1759,3504
23,52,1759,1759,3504
23,52,1759,1759,3504
23,52,1759,1759,3504
23,52,1759,1759,3504
23,52,1759,1759,3504
23,52,1759,1759,3504
23,52,1759,1759,3504
23,52,1759,1759,3504
23,52,1759,1759,3504
23,52,1759,1759,3504
23,52,1759,1759,3504
23,52,1759,1759,3504
23,52,1759,1759,3504
23,52,1759,1759,3504
23,52,1759,1759,3504
23,52,1759,1759,3504
23,52,1759,1759,3504
23,52,1759,1759,3504
23,52,1759,1759,3504
23,52,1759,1759,3504
23,52,1759,1759,3504
23,52,1759,1759,3504
23,52,1759,1759,3504
23,52,1759,1759,3504
23,52,1759,1759,3504
23,52,1759,1759,3504
23,52,1759,1759,3504
23,52,1759,1759,3504
23,52,1759,1759,3504
23,52,1759,1759,3504
23,52,1759,1759,3504
23,52,1759,1759,3504
23,52,1759,1759,3504
23,52,1759,1759,3504
23,52,1759,1759,3504
23,52,1759,1759,3504
23,52,1759,1759,3504
23,52,1759,1759,3504
23,52,1759,1759,3504
23,52,1759,1759,3504
23,52,1759,1759,3504
23,52,1759,1759,3504
23,52,1759,1759,3504
23,52,1759,1759,3504
23,52,1759,1759,3504
23,52,1759,1759,3504
23,52,1759,1759,3504
23,52,1759,1759,3504
23,52,1759,1759,3504
23,52,1759,1759,3504
23,52,1759,1759,3504
23,52,1759,1759,3504
23,52,1759,1759,3504
23,52,1759,1759,3504
23,52,1759,1759,3504
23,52,1759,1759,3504
23,52,1759,1759,3504
23,52,1759,1759,3504
23,52,1759,1759,3504
23,52,1759,1759,3504
23,52,1759,1759,3504
23,52,1759,1759,3504
23,52,1759,1759,3504
23,52,1759,1759,3504
23,52,1759,1759,3504
23,52,1759,1759,3504
23,52,1759,1759,3504
23,52,1759,1759,3504
23,52,1759,1759,3504
23,52,1759,1759,3504
23,52,1759,1759,3504
23,52,1759,1759,3504
23,52,1759,1759,3504
23,52,1759,1759,3504
23,52,1759,1759,3504
23,52,1759,1759,3504
23,52,1759,1759,3504
23,52,1759,1759,3504
23,52,1759,1759,3504
23,52,1759,1759,3504
23,52,1759,1759,3504
23,52,1759,1759,3504
23,52,1759,1759,3504
23,52,1759,1759,3504
23,52,1759,1759,3504
23,52,1759,1759,3504
23,52,1759,1759,3504
23,52,1759,1759,3504
23,53,1759,17